0 0 0.991551 0.00844664 6.24593e-12 -0.00297465 -0.00297465 22
0 0.254687 0.987023 0.0129732 6.24593e-12 -0.00296107 -0.00296107 22
0 0.509375 0.976521 0.0234739 6.24593e-12 -0.00292956 -0.00292956 22
0 0.764062 0.956101 0.0438936 6.24593e-12 -0.0028683 -0.0028683 22
0 1.01875 0.917936 0.0820626 6.24593e-12 -0.00275381 -0.00275381 22
0 1.27344 0.853185 0.146827 6.24593e-12 -0.00255956 -0.00255956 22
0 1.52812 0.768272 0.231758 6.24592e-12 -0.00230482 -0.00230482 22
0 1.78281 0.702711 0.297326 6.24592e-12 -0.00210813 -0.00210813 22
0 2.0375 0.702672 0.297364 6.24592e-12 -0.00210802 -0.00210802 22
0 2.29219 0.768188 0.231842 6.24592e-12 -0.00230456 -0.00230456 22
0 2.54687 0.853107 0.146905 6.24593e-12 -0.00255932 -0.00255932 22
0 2.80156 0.917887 0.0821122 6.24593e-12 -0.00275366 -0.00275366 22
0 3.05625 0.956074 0.0439204 6.24593e-12 -0.00286822 -0.00286822 22
0 3.31094 0.976507 0.0234881 6.24593e-12 -0.00292952 -0.00292952 22
0 3.56562 0.987015 0.0129812 6.24593e-12 -0.00296105 -0.00296105 22
0 3.82031 0.991546 0.00845193 6.24593e-12 -0.00297464 -0.00297464 22
0 4.075 0.991546 0.00845124 6.24593e-12 -0.00297464 -0.00297464 22
0 4.32969 0.987018 0.0129788 6.24593e-12 -0.00296105 -0.00296105 22
0 4.58437 0.976513 0.0234822 6.24593e-12 -0.00292954 -0.00292954 22
0 4.83906 0.956088 0.0439065 6.24593e-12 -0.00286827 -0.00286827 22
0 5.09375 0.91792 0.0820784 6.24593e-12 -0.00275376 -0.00275376 22
0 5.34844 0.853182 0.146831 6.24593e-12 -0.00255954 -0.00255954 22
0 5.60312 0.768316 0.231714 6.24592e-12 -0.00230495 -0.00230495 22
0 5.85781 0.702822 0.297214 6.24592e-12 -0.00210847 -0.00210847 22
0 6.1125 0.70282 0.297216 6.24592e-12 -0.00210846 -0.00210846 22
0 6.36719 0.768311 0.231719 6.24592e-12 -0.00230493 -0.00230493 22
0 6.62187 0.853177 0.146835 6.24593e-12 -0.00255953 -0.00255953 22
0 6.87656 0.917918 0.0820812 6.24593e-12 -0.00275375 -0.00275375 22
0 7.13125 0.956087 0.0439081 6.24593e-12 -0.00286826 -0.00286826 22
0 7.38594 0.976512 0.0234831 6.24593e-12 -0.00292954 -0.00292954 22
0 7.64062 0.987018 0.0129789 6.24593e-12 -0.00296105 -0.00296105 22
0 7.89531 0.991547 0.00845075 6.24593e-12 -0.00297464 -0.00297464 22
0.252344 0 0.984899 0.0150993 1.44377e-11 -0.0029547 -0.0029547 21.1621
0.252344 0.254687 0.975274 0.0247227 1.42086e-11 -0.00292582 -0.00292582 21.1781
0.252344 0.509375 0.950942 0.049053 1.37439e-11 -0.00285283 -0.00285283 21.2113
0.252344 0.764062 0.897712 0.102283 1.30638e-11 -0.00269313 -0.00269313 21.2621
0.252344 1.01875 0.791577 0.208423 1.22879e-11 -0.00237473 -0.00237473 21.3233
0.252344 1.27344 0.628016 0.371988 1.16363e-11 -0.00188405 -0.00188405 21.3778
0.252344 1.52812 0.464881 0.535106 1.12441e-11 -0.00139464 -0.00139464 21.4121
0.252344 1.78281 0.372325 0.627643 1.10858e-11 -0.00111698 -0.00111698 21.4263
0.252344 2.0375 0.372278 0.627691 1.10855e-11 -0.00111683 -0.00111683 21.4263
0.252344 2.29219 0.464744 0.535244 1.12433e-11 -0.00139423 -0.00139423 21.4122
0.252344 2.54687 0.627837 0.372168 1.16348e-11 -0.00188351 -0.00188351 21.3779
0.252344 2.80156 0.791439 0.208561 1.22857e-11 -0.00237432 -0.00237432 21.3235
0.252344 3.05625 0.897638 0.102357 1.30608e-11 -0.00269291 -0.00269291 21.2623
0.252344 3.31094 0.950908 0.0490873 1.37403e-11 -0.00285272 -0.00285272 21.2116
0.252344 3.56562 0.975257 0.0247398 1.42043e-11 -0.00292577 -0.00292577 21.1784
0.252344 3.82031 0.984888 0.0151101 1.44327e-11 -0.00295466 -0.00295466 21.1624
0.252344 4.075 0.984889 0.0151088 1.44326e-11 -0.00295467 -0.00295467 21.1624
0.252344 4.32969 0.975262 0.0247351 1.4204e-11 -0.00292579 -0.00292579 21.1784
0.252344 4.58437 0.95092 0.049075 1.37398e-11 -0.00285276 -0.00285276 21.2116
0.252344 4.83906 0.89767 0.102325 1.30603e-11 -0.00269301 -0.00269301 21.2624
0.252344 5.09375 0.791515 0.208486 1.2285e-11 -0.00237454 -0.00237454 21.3236
0.252344 5.34844 0.627972 0.372032 1.1634e-11 -0.00188392 -0.00188392 21.378
0.252344 5.60312 0.464907 0.535081 1.12422e-11 -0.00139472 -0.00139472 21.4123
0.252344 5.85781 0.372419 0.627549 1.10842e-11 -0.00111726 -0.00111726 21.4264
0.252344 6.1125 0.372417 0.627552 1.10843e-11 -0.00111725 -0.00111725 21.4264
0.252344 6.36719 0.4649 0.535087 1.12423e-11 -0.0013947 -0.0013947 21.4123
0.252344 6.62187 0.627963 0.372041 1.1634e-11 -0.00188389 -0.00188389 21.378
0.252344 6.87656 0.791507 0.208493 1.22851e-11 -0.00237452 -0.00237452 21.3236
0.252344 7.13125 0.897666 0.102329 1.30603e-11 -0.002693 -0.002693 21.2624
0.252344 7.38594 0.950919 0.0490767 1.37398e-11 -0.00285276 -0.00285276 21.2116
0.252344 7.64062 0.975262 0.0247351 1.42039e-11 -0.00292579 -0.00292579 21.1784
0.252344 7.89531 0.984891 0.0151072 1.44325e-11 -0.00295467 -0.00295467 21.1625
0.504687 0 0.976423 0.0235756 3.32847e-11 -0.00292927 -0.00292927 20.3268
0.504687 0.254687 0.958122 0.0418756 3.23808e-11 -0.00287437 -0.00287437 20.3544
0.504687 0.509375 0.906587 0.0934071 3.05837e-11 -0.00271976 -0.00271976 20.4115
0.504687 0.764062 0.782014 0.217979 2.80716e-11 -0.00234604 -0.00234604 20.4972
0.504687 1.01875 0.554522 0.445476 2.54954e-11 -0.00166357 -0.00166357 20.5934
0.504687 1.27344 0.321419 0.678573 2.37008e-11 -0.000964256 -0.000964256 20.6664
0.504687 1.52812 0.186227 0.813754 2.28912e-11 -0.000558681 -0.000558681 20.7012
0.504687 1.78281 0.133053 0.866926 2.26729e-11 -0.000399159 -0.000399159 20.7108
0.504687 2.0375 0.133028 0.866951 2.26721e-11 -0.000399084 -0.000399084 20.7108
0.504687 2.29219 0.186137 0.813844 2.28884e-11 -0.000558411 -0.000558411 20.7013
0.504687 2.54687 0.321227 0.678765 2.36954e-11 -0.00096368 -0.00096368 20.6667
0.504687 2.80156 0.554265 0.445734 2.54868e-11 -0.00166279 -0.00166279 20.5938
0.504687 3.05625 0.781841 0.218152 2.80594e-11 -0.00234552 -0.00234552 20.4976
0.504687 3.31094 0.906511 0.0934829 3.05681e-11 -0.00271953 -0.00271953 20.412
0.504687 3.56562 0.958089 0.0419082 3.23619e-11 -0.00287427 -0.00287427 20.355
0.504687 3.82031 0.976404 0.0235951 3.32627e-11 -0.00292921 -0.00292921 20.3275
0.504687 4.075 0.976406 0.023593 3.32621e-11 -0.00292922 -0.00292922 20.3275
0.504687 4.32969 0.958097 0.0419001 3.23605e-11 -0.00287429 -0.00287429 20.355
0.504687 4.58437 0.906535 0.0934596 3.05659e-11 -0.0027196 -0.0027196 20.4121
0.504687 4.83906 0.781903 0.218091 2.80567e-11 -0.00234571 -0.00234571 20.4977
0.504687 5.09375 0.554376 0.445622 2.54835e-11 -0.00166313 -0.00166313 20.5939
0.504687 5.34844 0.321337 0.678654 2.36913e-11 -0.000964012 -0.000964012 20.6668
0.504687 5.60312 0.186216 0.813765 2.28834e-11 -0.000558649 -0.000558649 20.7015
0.504687 5.85781 0.13308 0.8669 2.26661e-11 -0.000399239 -0.000399239 20.7111
0.504687 6.1125 0.133078 0.866901 2.26662e-11 -0.000399235 -0.000399235 20.7111
0.504687 6.36719 0.186212 0.813769 2.28836e-11 -0.000558636 -0.000558636 20.7015
0.504687 6.62187 0.321329 0.678663 2.36917e-11 -0.000963986 -0.000963986 20.6668
0.504687 6.87656 0.554364 0.445634 2.5484e-11 -0.00166309 -0.00166309 20.5939
0.504687 7.13125 0.781894 0.218099 2.8057e-11 -0.00234568 -0.00234568 20.4977
0.504687 7.38594 0.906532 0.0934628 3.05661e-11 -0.00271959 -0.00271959 20.412
0.504687 7.64062 0.958098 0.0418995 3.23602e-11 -0.00287429 -0.00287429 20.355
0.504687 7.89531 0.97641 0.0235888 3.32614e-11 -0.00292923 -0.00292923 20.3275
0.757031 0 0.968146 0.0318528 7.74361e-11 -0.00290444 -0.00290444 19.4825
0.757031 0.254687 0.93858 0.0614177 7.4948e-11 -0.00281574 -0.00281574 19.5151
0.757031 0.509375 0.846989 0.153003 7.00693e-11 -0.00254097 -0.00254097 19.5825
0.757031 0.764062 0.626177 0.373818 6.35238e-11 -0.00187853 -0.00187853 19.6805
0.757031 1.01875 0.330374 0.669633 5.76461e-11 -0.000991122 -0.000991122 19.7776
0.757031 1.27344 0.149455 0.850547 5.43962e-11 -0.000448365 -0.000448365 19.8357
0.757031 1.52812 0.0767599 0.92324 5.32119e-11 -0.00023028 -0.00023028 19.8577
0.757031 1.78281 0.0521529 0.947848 5.29222e-11 -0.000156459 -0.000156459 19.8631
0.757031 2.0375 0.0521417 0.947859 5.29193e-11 -0.000156425 -0.000156425 19.8632
0.757031 2.29219 0.0767165 0.923283 5.32029e-11 -0.000230149 -0.000230149 19.8578
0.757031 2.54687 0.149339 0.850662 5.43798e-11 -0.000448018 -0.000448018 19.836
0.757031 2.80156 0.330124 0.669883 5.76198e-11 -0.000990372 -0.000990372 19.7781
0.757031 3.05625 0.6259 0.374096 6.34851e-11 -0.0018777 -0.0018777 19.6811
0.757031 3.31094 0.846854 0.153138 7.00184e-11 -0.00254056 -0.00254056 19.5832
0.757031 3.56562 0.938528 0.0614695 7.4885e-11 -0.00281558 -0.00281558 19.516
0.757031 3.82031 0.968118 0.0318813 7.7362e-11 -0.00290435 -0.00290435 19.4834
0.757031 4.075 0.968121 0.0318784 7.73602e-11 -0.00290436 -0.00290436 19.4835
0.757031 4.32969 0.93854 0.0614576 7.48798e-11 -0.00281562 -0.00281562 19.5161
0.757031 4.58437 0.846891 0.153101 7.00104e-11 -0.00254067 -0.00254067 19.5833
0.757031 4.83906 0.625983 0.374013 6.34751e-11 -0.00187795 -0.00187795 19.6813
0.757031 5.09375 0.33021 0.669796 5.76074e-11 -0.000990631 -0.000990631 19.7783
0.757031 5.34844 0.14939 0.850612 5.43647e-11 -0.000448169 -0.000448169 19.8362
0.757031 5.60312 0.0767434 0.923256 5.31849e-11 -0.00023023 -0.00023023 19.8582
0.757031 5.85781 0.0521561 0.947844 5.28986e-11 -0.000156468 -0.000156468 19.8636
0.757031 6.1125 0.0521556 0.947845 5.28989e-11 -0.000156467 -0.000156467 19.8636
0.757031 6.36719 0.0767416 0.923258 5.31859e-11 -0.000230225 -0.000230225 19.8582
0.757031 6.62187 0.149385 0.850617 5.43661e-11 -0.000448154 -0.000448154 19.8362
0.757031 6.87656 0.330199 0.669808 5.7609e-11 -0.000990597 -0.000990597 19.7783
0.757031 7.13125 0.62597 0.374026 6.34764e-11 -0.00187791 -0.00187791 19.6813
0.757031 7.38594 0.846886 0.153106 7.00109e-11 -0.00254066 -0.00254066 19.5833
0.757031 7.64062 0.938541 0.0614563 7.48789e-11 -0.00281562 -0.00281562 19.5161
0.757031 7.89531 0.968128 0.0318715 7.73576e-11 -0.00290438 -0.00290438 19.4835
1.00937 0 0.961522 0.0384777 1.82642e-10 -0.00288457 -0.00288457 18.6244
1.00937 0.254687 0.920403 0.0795941 1.77036e-10 -0.00276121 -0.00276121 18.6556
1.00937 0.509375 0.785391 0.214599 1.66137e-10 -0.00235617 -0.00235617 18.7191
1.00937 0.764062 0.48804 0.511964 1.5194e-10 -0.00146412 -0.00146412 18.8085
1.00937 1.01875 0.20645 0.793563 1.40402e-10 -0.000619349 -0.000619348 18.8874
1.00937 1.27344 0.0832363 0.916769 1.34136e-10 -0.000249709 -0.000249709 18.9331
1.00937 1.52812 0.0404034 0.9596 1.31303e-10 -0.00012121 -0.00012121 18.9544
1.00937 1.78281 0.026202 0.973802 1.30247e-10 -7.86061e-05 -7.86059e-05 18.9625
1.00937 2.0375 0.0261958 0.973808 1.30237e-10 -7.85874e-05 -7.85873e-05 18.9626
1.00937 2.29219 0.0403791 0.959624 1.31274e-10 -0.000121137 -0.000121137 18.9547
1.00937 2.54687 0.083169 0.916836 1.34084e-10 -0.000249507 -0.000249507 18.9335
1.00937 2.80156 0.206268 0.793744 1.40323e-10 -0.000618805 -0.000618805 18.888
1.00937 3.05625 0.487734 0.51227 1.51826e-10 -0.0014632 -0.0014632 18.8092
1.00937 3.31094 0.785207 0.214783 1.65984e-10 -0.00235562 -0.00235562 18.72
1.00937 3.56562 0.920335 0.0796619 1.76846e-10 -0.002761 -0.002761 18.6567
1.00937 3.82031 0.961488 0.0385113 1.82419e-10 -0.00288447 -0.00288447 18.6256
1.00937 4.075 0.961492 0.0385079 1.82413e-10 -0.00288448 -0.00288448 18.6257
1.00937 4.32969 0.92035 0.079647 1.7683e-10 -0.00276105 -0.00276105 18.6567
1.00937 4.58437 0.785253 0.214737 1.65958e-10 -0.00235576 -0.00235576 18.7202
1.00937 4.83906 0.487814 0.51219 1.51792e-10 -0.00146344 -0.00146344 18.8094
1.00937 5.09375 0.20632 0.793692 1.40281e-10 -0.000618961 -0.00061896 18.8883
1.00937 5.34844 0.0831917 0.916813 1.34035e-10 -0.000249575 -0.000249575 18.9338
1.00937 5.60312 0.04039 0.959613 1.31216e-10 -0.00012117 -0.00012117 18.9551
1.00937 5.85781 0.0262004 0.973803 1.30172e-10 -7.86013e-05 -7.86012e-05 18.9631
1.00937 6.1125 0.0262002 0.973804 1.30173e-10 -7.86006e-05 -7.86005e-05 18.9631
1.00937 6.36719 0.0403889 0.959615 1.31219e-10 -0.000121167 -0.000121167 18.9551
1.00937 6.62187 0.0831888 0.916816 1.3404e-10 -0.000249566 -0.000249566 18.9338
1.00937 6.87656 0.206312 0.793701 1.40287e-10 -0.000618935 -0.000618935 18.8883
1.00937 7.13125 0.4878 0.512205 1.51796e-10 -0.0014634 -0.0014634 18.8094
1.00937 7.38594 0.785246 0.214745 1.6596e-10 -0.00235574 -0.00235574 18.7202
1.00937 7.64062 0.920351 0.0796459 1.76827e-10 -0.00276105 -0.00276105 18.6568
1.00937 7.89531 0.961499 0.0385004 1.82404e-10 -0.0028845 -0.0028845 18.6257
1.26172 0 0.957925 0.0420755 4.35599e-10 -0.00287377 -0.00287377 17.7552
1.26172 0.254687 0.90839 0.0916068 4.2487e-10 -0.00272517 -0.00272517 17.7801
1.26172 0.509375 0.741412 0.258578 4.04061e-10 -0.00222424 -0.00222424 17.8304
1.26172 0.764062 0.406008 0.594002 3.76748e-10 -0.00121803 -0.00121802 17.9004
1.26172 1.01875 0.153079 0.846933 3.53285e-10 -0.000459238 -0.000459238 17.9647
1.26172 1.27344 0.0583667 0.941638 3.3774e-10 -0.0001751 -0.0001751 18.0097
1.26172 1.52812 0.0267685 0.973235 3.28735e-10 -8.03055e-05 -8.03051e-05 18.0367
1.26172 1.78281 0.0162906 0.983713 3.24643e-10 -4.88717e-05 -4.88713e-05 18.0492
1.26172 2.0375 0.0162865 0.983717 3.24612e-10 -4.88594e-05 -4.88591e-05 18.0493
1.26172 2.29219 0.0267522 0.973252 3.28643e-10 -8.02567e-05 -8.02564e-05 18.037
1.26172 2.54687 0.058322 0.941683 3.3758e-10 -0.000174966 -0.000174966 18.0101
1.26172 2.80156 0.152949 0.847063 3.53047e-10 -0.000458848 -0.000458848 17.9653
1.26172 3.05625 0.405735 0.594275 3.76415e-10 -0.0012172 -0.0012172 17.9012
1.26172 3.31094 0.741214 0.258776 4.03624e-10 -0.00222364 -0.00222364 17.8315
1.26172 3.56562 0.908317 0.0916791 4.24328e-10 -0.00272495 -0.00272495 17.7814
1.26172 3.82031 0.957892 0.0421078 4.34959e-10 -0.00287368 -0.00287368 17.7567
1.26172 4.075 0.957896 0.0421043 4.34942e-10 -0.00287369 -0.00287369 17.7567
1.26172 4.32969 0.908333 0.091663 4.24278e-10 -0.002725 -0.002725 17.7815
1.26172 4.58437 0.741262 0.258728 4.03544e-10 -0.00222379 -0.00222378 17.8316
1.26172 4.83906 0.405802 0.594208 3.76311e-10 -0.00121741 -0.00121741 17.9015
1.26172 5.09375 0.152983 0.84703 3.5292e-10 -0.000458948 -0.000458948 17.9657
1.26172 5.34844 0.0583347 0.94167 3.37431e-10 -0.000175004 -0.000175004 18.0106
1.26172 5.60312 0.0267578 0.973246 3.28472e-10 -8.02733e-05 -8.0273e-05 18.0375
1.26172 5.85781 0.016288 0.983716 3.24417e-10 -4.88641e-05 -4.88638e-05 18.0499
1.26172 6.1125 0.0162878 0.983716 3.24419e-10 -4.88635e-05 -4.88632e-05 18.0499
1.26172 6.36719 0.026757 0.973247 3.2848e-10 -8.02709e-05 -8.02706e-05 18.0375
1.26172 6.62187 0.0583325 0.941672 3.37445e-10 -0.000174997 -0.000174997 18.0105
1.26172 6.87656 0.152976 0.847037 3.52936e-10 -0.000458927 -0.000458926 17.9657
1.26172 7.13125 0.405787 0.594223 3.76324e-10 -0.00121736 -0.00121736 17.9015
1.26172 7.38594 0.741251 0.258739 4.03549e-10 -0.00222375 -0.00222375 17.8316
1.26172 7.64062 0.908333 0.0916636 4.24269e-10 -0.002725 -0.002725 17.7816
1.26172 7.89531 0.957901 0.0420988 4.34916e-10 -0.0028737 -0.0028737 17.7568
1.51406 0 0.957707 0.042294 1.04239e-09 -0.00287312 -0.00287312 16.8827
1.51406 0.254687 0.905156 0.0948405 1.02497e-09 -0.00271547 -0.00271547 16.8995
1.51406 0.509375 0.725314 0.274676 9.90911e-10 -0.00217594 -0.00217594 16.9333
1.51406 0.764062 0.376462 0.623548 9.42407e-10 -0.00112939 -0.00112939 16.9835
1.51406 1.01875 0.135317 0.864694 8.90242e-10 -0.000405951 -0.00040595 17.0404
1.51406 1.27344 0.0499187 0.950085 8.47366e-10 -0.000149756 -0.000149755 17.0898
1.51406 1.52812 0.0217439 0.978259 8.19207e-10 -6.52316e-05 -6.52307e-05 17.1236
1.51406 1.78281 0.0123904 0.987612 8.05529e-10 -3.71713e-05 -3.71705e-05 17.1404
1.51406 2.0375 0.0123874 0.987615 8.05441e-10 -3.71623e-05 -3.71615e-05 17.1405
1.51406 2.29219 0.0217319 0.978271 8.18935e-10 -6.51956e-05 -6.51948e-05 17.1239
1.51406 2.54687 0.0498859 0.950118 8.46896e-10 -0.000149658 -0.000149657 17.0904
1.51406 2.80156 0.135219 0.864792 8.89548e-10 -0.000405656 -0.000405655 17.0412
1.51406 3.05625 0.376239 0.623772 9.41459e-10 -0.00112872 -0.00112872 16.9845
1.51406 3.31094 0.725138 0.274852 9.89687e-10 -0.00217541 -0.00217541 16.9345
1.51406 3.56562 0.905093 0.0949038 1.02347e-09 -0.00271528 -0.00271528 16.901
1.51406 3.82031 0.957681 0.04232 1.04063e-09 -0.00287304 -0.00287304 16.8843
1.51406 4.075 0.957684 0.0423167 1.04059e-09 -0.00287305 -0.00287305 16.8844
1.51406 4.32969 0.905108 0.0948886 1.02333e-09 -0.00271532 -0.00271532 16.9011
1.51406 4.58437 0.725183 0.274807 9.89458e-10 -0.00217555 -0.00217555 16.9348
1.51406 4.83906 0.376296 0.623715 9.41154e-10 -0.00112889 -0.00112889 16.9848
1.51406 5.09375 0.135244 0.864767 8.89178e-10 -0.000405732 -0.000405731 17.0416
1.51406 5.34844 0.0498948 0.950109 8.46467e-10 -0.000149684 -0.000149684 17.0909
1.51406 5.60312 0.0217355 0.978267 8.18444e-10 -6.52064e-05 -6.52056e-05 17.1245
1.51406 5.85781 0.0123881 0.987615 8.04881e-10 -3.71642e-05 -3.71634e-05 17.1412
1.51406 6.1125 0.0123879 0.987615 8.04889e-10 -3.71637e-05 -3.71629e-05 17.1412
1.51406 6.36719 0.0217347 0.978268 8.18468e-10 -6.52041e-05 -6.52032e-05 17.1245
1.51406 6.62187 0.0498926 0.950111 8.46505e-10 -0.000149678 -0.000149677 17.0908
1.51406 6.87656 0.135237 0.864774 8.89224e-10 -0.00040571 -0.000405709 17.0416
1.51406 7.13125 0.376278 0.623733 9.41192e-10 -0.00112883 -0.00112883 16.9848
1.51406 7.38594 0.72517 0.274821 9.8947e-10 -0.00217551 -0.00217551 16.9348
1.51406 7.64062 0.905105 0.0948914 1.0233e-09 -0.00271532 -0.00271531 16.9011
1.51406 7.89531 0.957686 0.0423141 1.04051e-09 -0.00287306 -0.00287306 16.8845
1.76641 0 0.960244 0.039757 2.47918e-09 -0.00288073 -0.00288073 16.0162
1.76641 0.254687 0.90993 0.0900672 2.45587e-09 -0.00272979 -0.00272979 16.0257
1.76641 0.509375 0.735074 0.264917 2.40915e-09 -0.00220522 -0.00220522 16.0449
1.76641 0.764062 0.385407 0.614601 2.32901e-09 -0.00115622 -0.00115622 16.0787
1.76641 1.01875 0.137502 0.862507 2.20962e-09 -0.000412505 -0.000412503 16.1314
1.76641 1.27344 0.0495467 0.950456 2.09316e-09 -0.00014864 -0.000148638 16.1855
1.76641 1.52812 0.020757 0.979245 2.01159e-09 -6.22709e-05 -6.22688e-05 16.2253
1.76641 1.78281 0.0112507 0.988751 1.9709e-09 -3.37521e-05 -3.37502e-05 16.2457
1.76641 2.0375 0.0112485 0.988753 1.97066e-09 -3.37454e-05 -3.37434e-05 16.2458
1.76641 2.29219 0.0207479 0.979254 2.01083e-09 -6.22438e-05 -6.22418e-05 16.2256
1.76641 2.54687 0.0495219 0.950481 2.09184e-09 -0.000148566 -0.000148564 16.1861
1.76641 2.80156 0.137426 0.862583 2.20768e-09 -0.000412279 -0.000412277 16.1322
1.76641 3.05625 0.385235 0.614773 2.32639e-09 -0.00115571 -0.0011557 16.0799
1.76641 3.31094 0.734943 0.265049 2.40583e-09 -0.00220483 -0.00220483 16.0463
1.76641 3.56562 0.909884 0.0901131 2.45186e-09 -0.00272965 -0.00272965 16.0273
1.76641 3.82031 0.960226 0.0397749 2.4745e-09 -0.00288068 -0.00288068 16.0181
1.76641 4.075 0.960229 0.0397721 2.47437e-09 -0.00288069 -0.00288068 16.0182
1.76641 4.32969 0.909897 0.0901002 2.45148e-09 -0.00272969 -0.00272969 16.0275
1.76641 4.58437 0.734981 0.26501 2.4052e-09 -0.00220494 -0.00220494 16.0465
1.76641 4.83906 0.385286 0.614723 2.32554e-09 -0.00115586 -0.00115585 16.0802
1.76641 5.09375 0.137448 0.862561 2.20665e-09 -0.000412345 -0.000412343 16.1327
1.76641 5.34844 0.0495294 0.950473 2.09066e-09 -0.000148588 -0.000148586 16.1867
1.76641 5.60312 0.0207508 0.979251 2.00949e-09 -6.22523e-05 -6.22503e-05 16.2263
1.76641 5.85781 0.0112489 0.988753 1.96913e-09 -3.37466e-05 -3.37446e-05 16.2466
1.76641 6.1125 0.0112486 0.988753 1.96915e-09 -3.37459e-05 -3.3744e-05 16.2466
1.76641 6.36719 0.0207499 0.979252 2.00955e-09 -6.22496e-05 -6.22476e-05 16.2263
1.76641 6.62187 0.0495268 0.950476 2.09077e-09 -0.00014858 -0.000148578 16.1866
1.76641 6.87656 0.13744 0.862569 2.20678e-09 -0.000412319 -0.000412317 16.1326
1.76641 7.13125 0.385265 0.614743 2.32565e-09 -0.00115579 -0.00115579 16.0802
1.76641 7.38594 0.734966 0.265026 2.40524e-09 -0.0022049 -0.00220489 16.0465
1.76641 7.64062 0.909893 0.0901047 2.4514e-09 -0.00272968 -0.00272968 16.0275
1.76641 7.89531 0.960229 0.0397718 2.47417e-09 -0.00288069 -0.00288068 16.0183
2.01875 0 0.964307 0.0356934 5.81149e-09 -0.00289292 -0.00289292 15.1643
2.01875 0.254687 0.919489 0.080509 5.78803e-09 -0.00275847 -0.00275846 15.1684
2.01875 0.509375 0.76156 0.238432 5.73777e-09 -0.00228468 -0.00228468 15.1771
2.01875 0.764062 0.421242 0.578763 5.61608e-09 -0.00126372 -0.00126372 15.1985
2.01875 1.01875 0.153218 0.84679 5.35212e-09 -0.000459653 -0.000459648 15.2467
2.01875 1.27344 0.054269 0.945733 5.05451e-09 -0.000162807 -0.000162802 15.3039
2.01875 1.52812 0.0221682 0.977833 4.8364e-09 -6.65046e-05 -6.64997e-05 15.348
2.01875 1.78281 0.0116411 0.988359 4.72596e-09 -3.49234e-05 -3.49186e-05 15.3711
2.01875 2.0375 0.0116395 0.988361 4.72531e-09 -3.49186e-05 -3.49139e-05 15.3712
2.01875 2.29219 0.0221618 0.977839 4.83439e-09 -6.64854e-05 -6.64806e-05 15.3484
2.01875 2.54687 0.0542513 0.945751 5.05101e-09 -0.000162754 -0.000162749 15.3046
2.01875 2.80156 0.153163 0.846844 5.34694e-09 -0.00045949 -0.000459485 15.2476
2.01875 3.05625 0.421124 0.578881 5.60916e-09 -0.00126337 -0.00126337 15.1998
2.01875 3.31094 0.761479 0.238513 5.72912e-09 -0.00228444 -0.00228443 15.1786
2.01875 3.56562 0.919462 0.0805364 5.77771e-09 -0.00275839 -0.00275838 15.1702
2.01875 3.82031 0.964297 0.0357038 5.79952e-09 -0.00289289 -0.00289289 15.1664
2.01875 4.075 0.964299 0.0357016 5.79919e-09 -0.0028929 -0.00289289 15.1665
2.01875 4.32969 0.919472 0.0805262 5.77672e-09 -0.00275842 -0.00275841 15.1703
2.01875 4.58437 0.76151 0.238482 5.72749e-09 -0.00228453 -0.00228453 15.1789
2.01875 4.83906 0.421169 0.578836 5.60692e-09 -0.00126351 -0.0012635 15.2002
2.01875 5.09375 0.153185 0.846823 5.34424e-09 -0.000459554 -0.000459548 15.2482
2.01875 5.34844 0.0542583 0.945743 5.0479e-09 -0.000162775 -0.00016277 15.3052
2.01875 5.60312 0.0221644 0.977836 4.83087e-09 -6.64933e-05 -6.64885e-05 15.3491
2.01875 5.85781 0.0116401 0.98836 4.72131e-09 -3.49202e-05 -3.49154e-05 15.3721
2.01875 6.1125 0.0116398 0.988361 4.72137e-09 -3.49194e-05 -3.49147e-05 15.3721
2.01875 6.36719 0.0221633 0.977837 4.83105e-09 -6.649e-05 -6.64851e-05 15.3491
2.01875 6.62187 0.054255 0.945747 5.04819e-09 -0.000162765 -0.00016276 15.3051
2.01875 6.87656 0.153174 0.846834 5.34459e-09 -0.000459521 -0.000459516 15.2481
2.01875 7.13125 0.421145 0.57886 5.60721e-09 -0.00126344 -0.00126343 15.2001
2.01875 7.38594 0.761494 0.238499 5.72757e-09 -0.00228448 -0.00228448 15.1789
2.01875 7.64062 0.919467 0.0805313 5.77652e-09 -0.0027584 -0.0027584 15.1704
2.01875 7.89531 0.964299 0.0357023 5.79868e-09 -0.0028929 -0.00289289 15.1665
2.27109 0 0.968767 0.0312335 1.33497e-08 -0.0029063 -0.00290629 14.3327
2.27109 0.254687 0.930484 0.0695152 1.33376e-08 -0.00279145 -0.00279144 14.3336
2.27109 0.509375 0.794683 0.205311 1.3303e-08 -0.00238405 -0.00238404 14.3362
2.27109 0.764062 0.474125 0.525876 1.31316e-08 -0.00142238 -0.00142236 14.3491
2.27109 1.01875 0.179328 0.820678 1.25841e-08 -0.000537984 -0.000537972 14.3917
2.27109 1.27344 0.0626233 0.937378 1.1878e-08 -0.00018787 -0.000187858 14.4495
2.27109 1.52812 0.0250306 0.97497 1.13379e-08 -7.50919e-05 -7.50806e-05 14.496
2.27109 1.78281 0.0128723 0.987128 1.1061e-08 -3.8617e-05 -3.86059e-05 14.5207
2.27109 2.0375 0.0128714 0.987129 1.10593e-08 -3.86143e-05 -3.86032e-05 14.5209
2.27109 2.29219 0.0250271 0.974973 1.13328e-08 -7.50812e-05 -7.50698e-05 14.4965
2.27109 2.54687 0.0626133 0.937388 1.18691e-08 -0.00018784 -0.000187828 14.4502
2.27109 2.80156 0.179297 0.820708 1.2571e-08 -0.000537891 -0.000537879 14.3928
2.27109 3.05625 0.474064 0.525937 1.31141e-08 -0.00142219 -0.00142218 14.3505
2.27109 3.31094 0.794646 0.205349 1.32814e-08 -0.00238394 -0.00238392 14.3378
2.27109 3.56562 0.930472 0.0695275 1.33121e-08 -0.00279142 -0.0027914 14.3355
2.27109 3.82031 0.968763 0.031238 1.33202e-08 -0.00290629 -0.00290628 14.3349
2.27109 4.075 0.968765 0.0312363 1.33194e-08 -0.00290629 -0.00290628 14.3349
2.27109 4.32969 0.930479 0.06952 1.33097e-08 -0.00279144 -0.00279142 14.3357
2.27109 4.58437 0.79467 0.205325 1.32774e-08 -0.00238401 -0.002384 14.3381
2.27109 4.83906 0.474104 0.525897 1.31086e-08 -0.00142231 -0.0014223 14.3509
2.27109 5.09375 0.179318 0.820688 1.25642e-08 -0.000537954 -0.000537942 14.3933
2.27109 5.34844 0.0626202 0.937381 1.18613e-08 -0.000187861 -0.000187849 14.4509
2.27109 5.60312 0.0250296 0.974971 1.1324e-08 -7.50888e-05 -7.50775e-05 14.4972
2.27109 5.85781 0.0128721 0.987128 1.10493e-08 -3.86164e-05 -3.86054e-05 14.5218
2.27109 6.1125 0.0128718 0.987128 1.10495e-08 -3.86154e-05 -3.86044e-05 14.5218
2.27109 6.36719 0.0250282 0.974972 1.13245e-08 -7.50847e-05 -7.50733e-05 14.4972
2.27109 6.62187 0.062616 0.937385 1.18621e-08 -0.000187848 -0.000187836 14.4508
2.27109 6.87656 0.179305 0.820701 1.25651e-08 -0.000537914 -0.000537901 14.3932
2.27109 7.13125 0.474078 0.525924 1.31093e-08 -0.00142223 -0.00142222 14.3508
2.27109 7.38594 0.794654 0.20534 1.32776e-08 -0.00238396 -0.00238395 14.3381
2.27109 7.64062 0.930475 0.0695248 1.33092e-08 -0.00279142 -0.00279141 14.3357
2.27109 7.89531 0.968763 0.0312375 1.33181e-08 -0.00290629 -0.00290628 14.335
2.52344 0 0.97287 0.0271309 2.99588e-08 -0.00291861 -0.00291858 13.5243
2.52344 0.254687 0.94064 0.05936 2.99692e-08 -0.00282192 -0.00282189 13.524
2.52344 0.509375 0.826722 0.173274 2.99663e-08 -0.00248017 -0.00248014 13.5241
2.52344 0.764062 0.533815 0.466185 2.972e-08 -0.00160144 -0.00160141 13.5323
2.52344 1.01875 0.212943 0.78706 2.86531e-08 -0.00063883 -0.000638801 13.5689
2.52344 1.27344 0.0736454 0.926355 2.70979e-08 -0.000220936 -0.000220909 13.6247
2.52344 1.52812 0.0288094 0.97119 2.5854e-08 -8.64281e-05 -8.64022e-05 13.6717
2.52344 1.78281 0.0145644 0.985435 2.52079e-08 -4.36933e-05 -4.36681e-05 13.697
2.52344 2.0375 0.0145643 0.985435 2.52038e-08 -4.36929e-05 -4.36677e-05 13.6972
2.52344 2.29219 0.0288089 0.971191 2.58416e-08 -8.64267e-05 -8.64009e-05 13.6722
2.52344 2.54687 0.0736446 0.926356 2.70763e-08 -0.000220934 -0.000220907 13.6255
2.52344 2.80156 0.21294 0.787063 2.86213e-08 -0.000638821 -0.000638792 13.57
2.52344 3.05625 0.533807 0.466193 2.96779e-08 -0.00160142 -0.00160139 13.5338
2.52344 3.31094 0.826717 0.17328 2.99148e-08 -0.00248015 -0.00248012 13.5258
2.52344 3.56562 0.940638 0.059362 2.99085e-08 -0.00282191 -0.00282188 13.526
2.52344 3.82031 0.972869 0.0271314 2.98889e-08 -0.00291861 -0.00291858 13.5267
2.52344 4.075 0.972871 0.0271302 2.9887e-08 -0.00291861 -0.00291858 13.5267
2.52344 4.32969 0.940643 0.0593568 2.99028e-08 -0.00282193 -0.0028219 13.5262
2.52344 4.58437 0.826734 0.173263 2.99052e-08 -0.0024802 -0.00248017 13.5261
2.52344 4.83906 0.53384 0.46616 2.96646e-08 -0.00160152 -0.00160149 13.5342
2.52344 5.09375 0.21296 0.787043 2.8605e-08 -0.00063888 -0.000638851 13.5706
2.52344 5.34844 0.0736512 0.926349 2.70575e-08 -0.000220954 -0.000220927 13.6262
2.52344 5.60312 0.0288113 0.971188 2.58204e-08 -8.6434e-05 -8.64082e-05 13.673
2.52344 5.85781 0.0145652 0.985434 2.51798e-08 -4.36957e-05 -4.36706e-05 13.6981
2.52344 6.1125 0.0145648 0.985435 2.51802e-08 -4.36945e-05 -4.36693e-05 13.6981
2.52344 6.36719 0.0288096 0.97119 2.58217e-08 -8.64289e-05 -8.64031e-05 13.673
2.52344 6.62187 0.073646 0.926355 2.70595e-08 -0.000220938 -0.000220911 13.6261
2.52344 6.87656 0.212944 0.78706 2.86073e-08 -0.000638831 -0.000638803 13.5705
2.52344 7.13125 0.533812 0.466187 2.96664e-08 -0.00160144 -0.00160141 13.5341
2.52344 7.38594 0.82672 0.173277 2.99057e-08 -0.00248016 -0.00248013 13.5261
2.52344 7.64062 0.940639 0.059361 2.99016e-08 -0.00282192 -0.00282189 13.5263
2.52344 7.89531 0.972869 0.0271314 2.9884e-08 -0.00291861 -0.00291858 13.5268
2.77578 0 0.976278 0.0237223 6.56193e-08 -0.00292883 -0.00292877 12.7403
2.77578 0.254687 0.948966 0.0510345 6.56369e-08 -0.0028469 -0.00284683 12.74
2.77578 0.509375 0.853587 0.146412 6.56274e-08 -0.00256076 -0.0025607 12.7402
2.77578 0.764062 0.590925 0.409074 6.51873e-08 -0.00177277 -0.00177271 12.7469
2.77578 1.01875 0.250484 0.749517 6.3184e-08 -0.000751453 -0.00075139 12.7781
2.77578 1.27344 0.0862432 0.913757 5.99773e-08 -0.00025873 -0.00025867 12.8302
2.77578 1.52812 0.0329697 0.96703 5.72977e-08 -9.8909e-05 -9.88517e-05 12.8759
2.77578 1.78281 0.0164057 0.983594 5.58864e-08 -4.92171e-05 -4.91612e-05 12.9008
2.77578 2.0375 0.0164064 0.983593 5.5877e-08 -4.92192e-05 -4.91634e-05 12.901
2.77578 2.29219 0.0329727 0.967027 5.72689e-08 -9.89181e-05 -9.88609e-05 12.8764
2.77578 2.54687 0.0862532 0.913747 5.9927e-08 -0.00025876 -0.0002587 12.831
2.77578 2.80156 0.250512 0.749489 6.31103e-08 -0.000751537 -0.000751474 12.7793
2.77578 3.05625 0.590961 0.409038 6.50906e-08 -0.00177288 -0.00177282 12.7484
2.77578 3.31094 0.853602 0.146397 6.55095e-08 -0.0025608 -0.00256074 12.742
2.77578 3.56562 0.94897 0.0510302 6.54986e-08 -0.00284691 -0.00284684 12.7421
2.77578 3.82031 0.97628 0.0237203 6.54601e-08 -0.00292884 -0.00292878 12.7427
2.77578 4.075 0.976281 0.0237195 6.54558e-08 -0.00292884 -0.00292878 12.7428
2.77578 4.32969 0.948974 0.0510267 6.54857e-08 -0.00284692 -0.00284686 12.7423
2.77578 4.58437 0.853613 0.146386 6.54879e-08 -0.00256084 -0.00256077 12.7423
2.77578 4.83906 0.590984 0.409015 6.50605e-08 -0.00177295 -0.00177289 12.7488
2.77578 5.09375 0.250529 0.749472 6.3073e-08 -0.000751587 -0.000751524 12.7799
2.77578 5.34844 0.0862589 0.913741 5.98839e-08 -0.000258777 -0.000258717 12.8318
2.77578 5.60312 0.0329747 0.967025 5.72201e-08 -9.89242e-05 -9.8867e-05 12.8773
2.77578 5.85781 0.0164075 0.983592 5.58216e-08 -4.92224e-05 -4.91666e-05 12.902
2.77578 6.1125 0.016407 0.983592 5.58226e-08 -4.9221e-05 -4.91652e-05 12.902
2.77578 6.36719 0.0329727 0.967027 5.72231e-08 -9.89182e-05 -9.8861e-05 12.8772
2.77578 6.62187 0.0862526 0.913747 5.98886e-08 -0.000258758 -0.000258698 12.8317
2.77578 6.87656 0.25051 0.749491 6.30784e-08 -0.000751531 -0.000751468 12.7798
2.77578 7.13125 0.590958 0.409041 6.50646e-08 -0.00177288 -0.00177281 12.7488
2.77578 7.38594 0.853601 0.146398 6.54889e-08 -0.0025608 -0.00256074 12.7423
2.77578 7.64062 0.94897 0.0510302 6.5483e-08 -0.00284691 -0.00284684 12.7424
2.77578 7.89531 0.97628 0.0237206 6.5449e-08 -0.00292884 -0.00292877 12.7429
3.02812 0 0.978908 0.021092 1.40339e-07 -0.00293673 -0.00293658 11.9801
3.02812 0.254687 0.955272 0.0447287 1.40252e-07 -0.00286581 -0.00286567 11.9807
3.02812 0.509375 0.874047 0.125953 1.40004e-07 -0.00262214 -0.002622 11.9825
3.02812 0.764062 0.639074 0.360926 1.38956e-07 -0.00191722 -0.00191708 11.99
3.02812 1.01875 0.287742 0.712257 1.35193e-07 -0.000863227 -0.000863092 12.0175
3.02812 1.27344 0.0991955 0.900804 1.28913e-07 -0.000297587 -0.000297458 12.065
3.02812 1.52812 0.0371037 0.962896 1.23471e-07 -0.000111311 -0.000111188 12.1082
3.02812 1.78281 0.0181907 0.981809 1.20567e-07 -5.4572e-05 -5.44514e-05 12.132
3.02812 2.0375 0.0181923 0.981807 1.20546e-07 -5.45769e-05 -5.44563e-05 12.1321
3.02812 2.29219 0.0371104 0.962889 1.23407e-07 -0.000111331 -0.000111208 12.1087
3.02812 2.54687 0.0992175 0.900782 1.28801e-07 -0.000297653 -0.000297524 12.0659
3.02812 2.80156 0.287802 0.712198 1.3503e-07 -0.000863405 -0.00086327 12.0187
3.02812 3.05625 0.639141 0.360859 1.38743e-07 -0.00191742 -0.00191728 11.9915
3.02812 3.31094 0.874073 0.125927 1.39745e-07 -0.00262222 -0.00262208 11.9843
3.02812 3.56562 0.955279 0.0447208 1.39948e-07 -0.00286584 -0.0028657 11.9829
3.02812 3.82031 0.978912 0.0210885 1.3999e-07 -0.00293674 -0.0029366 11.9826
3.02812 4.075 0.978912 0.021088 1.3998e-07 -0.00293674 -0.0029366 11.9827
3.02812 4.32969 0.955282 0.0447188 1.3992e-07 -0.00286584 -0.0028657 11.9831
3.02812 4.58437 0.874079 0.125921 1.39698e-07 -0.00262224 -0.0026221 11.9847
3.02812 4.83906 0.639155 0.360845 1.38677e-07 -0.00191746 -0.00191733 11.992
3.02812 5.09375 0.287813 0.712187 1.34948e-07 -0.000863439 -0.000863304 12.0193
3.02812 5.34844 0.0992213 0.900778 1.28706e-07 -0.000297664 -0.000297535 12.0666
3.02812 5.60312 0.0371118 0.962888 1.23299e-07 -0.000111335 -0.000111212 12.1096
3.02812 5.85781 0.0181934 0.981806 1.20424e-07 -5.45801e-05 -5.44596e-05 12.1332
3.02812 6.1125 0.0181928 0.981807 1.20426e-07 -5.45784e-05 -5.4458e-05 12.1331
3.02812 6.36719 0.0371095 0.96289 1.23306e-07 -0.000111329 -0.000111205 12.1095
3.02812 6.62187 0.099214 0.900785 1.28717e-07 -0.000297642 -0.000297513 12.0665
3.02812 6.87656 0.287793 0.712207 1.3496e-07 -0.000863378 -0.000863243 12.0192
3.02812 7.13125 0.639131 0.360869 1.38686e-07 -0.00191739 -0.00191725 11.992
3.02812 7.38594 0.87407 0.12593 1.397e-07 -0.00262221 -0.00262207 11.9847
3.02812 7.64062 0.955279 0.0447217 1.39914e-07 -0.00286584 -0.0028657 11.9831
3.02812 7.89531 0.978911 0.021089 1.39966e-07 -0.00293673 -0.00293659 11.9828
3.28047 0 0.980812 0.0191881 2.93425e-07 -0.00294244 -0.00294214 11.2425
3.28047 0.254687 0.959756 0.0402438 2.92853e-07 -0.00287927 -0.00287898 11.2445
3.28047 0.509375 0.888529 0.111472 2.91613e-07 -0.00266559 -0.00266529 11.2487
3.28047 0.764062 0.675728 0.324273 2.88779e-07 -0.00202718 -0.0020269 11.2585
3.28047 1.01875 0.320739 0.67926 2.81486e-07 -0.000962216 -0.000961935 11.2841
3.28047 1.27344 0.111117 0.888882 2.69609e-07 -0.00033335 -0.00033308 11.3272
3.28047 1.52812 0.0407835 0.959216 2.59093e-07 -0.00012235 -0.000122091 11.367
3.28047 1.78281 0.0197381 0.980261 2.53423e-07 -5.92143e-05 -5.89608e-05 11.3891
3.28047 2.0375 0.0197406 0.980259 2.53378e-07 -5.92218e-05 -5.89684e-05 11.3893
3.28047 2.29219 0.0407939 0.959205 2.58954e-07 -0.000122382 -0.000122123 11.3675
3.28047 2.54687 0.111151 0.888848 2.69369e-07 -0.000333452 -0.000333183 11.3281
3.28047 2.80156 0.320826 0.679172 2.81139e-07 -0.000962479 -0.000962198 11.2853
3.28047 3.05625 0.675814 0.324187 2.88328e-07 -0.00202744 -0.00202715 11.2601
3.28047 3.31094 0.888561 0.11144 2.91066e-07 -0.00266568 -0.00266539 11.2506
3.28047 3.56562 0.959766 0.0402339 2.92209e-07 -0.0028793 -0.00287901 11.2467
3.28047 3.82031 0.980816 0.0191837 2.92684e-07 -0.00294245 -0.00294216 11.2451
3.28047 4.075 0.980817 0.0191835 2.92665e-07 -0.00294245 -0.00294216 11.2451
3.28047 4.32969 0.959767 0.040233 2.9215e-07 -0.0028793 -0.00287901 11.2469
3.28047 4.58437 0.888563 0.111437 2.90967e-07 -0.00266569 -0.0026654 11.251
3.28047 4.83906 0.675819 0.324182 2.88191e-07 -0.00202746 -0.00202717 11.2605
3.28047 5.09375 0.32083 0.679168 2.80967e-07 -0.00096249 -0.000962209 11.2859
3.28047 5.34844 0.111152 0.888847 2.69168e-07 -0.000333455 -0.000333186 11.3288
3.28047 5.60312 0.0407943 0.959205 2.58726e-07 -0.000122383 -0.000122124 11.3684
3.28047 5.85781 0.0197415 0.980258 2.53117e-07 -5.92245e-05 -5.89714e-05 11.3903
3.28047 6.1125 0.0197409 0.980259 2.53122e-07 -5.92227e-05 -5.89696e-05 11.3903
3.28047 6.36719 0.0407918 0.959208 2.58741e-07 -0.000122375 -0.000122117 11.3683
3.28047 6.62187 0.111144 0.888855 2.69192e-07 -0.000333431 -0.000333161 11.3287
3.28047 6.87656 0.320809 0.67919 2.80993e-07 -0.000962427 -0.000962146 11.2858
3.28047 7.13125 0.675798 0.324203 2.8821e-07 -0.00202739 -0.00202711 11.2605
3.28047 7.38594 0.888555 0.111445 2.90972e-07 -0.00266567 -0.00266537 11.2509
3.28047 7.64062 0.959765 0.0402354 2.92138e-07 -0.00287929 -0.002879 11.2469
3.28047 7.89531 0.980816 0.0191844 2.92634e-07 -0.00294245 -0.00294215 11.2452
3.53281 0 0.982076 0.0179237 6.00737e-07 -0.00294623 -0.00294563 10.526
3.53281 0.254687 0.962699 0.0373009 5.98646e-07 -0.0028881 -0.0028875 10.5295
3.53281 0.509375 0.897966 0.102034 5.94401e-07 -0.0026939 -0.0026933 10.5366
3.53281 0.764062 0.700848 0.299154 5.86802e-07 -0.00210254 -0.00210196 10.5495
3.53281 1.01875 0.346322 0.653676 5.72095e-07 -0.00103897 -0.0010384 10.5749
3.53281 1.27344 0.120733 0.879265 5.50078e-07 -0.0003622 -0.00036165 10.6141
3.53281 1.52812 0.0436954 0.956304 5.30566e-07 -0.000131086 -0.000130556 10.6502
3.53281 1.78281 0.0209343 0.979065 5.19985e-07 -6.28029e-05 -6.22829e-05 10.6704
3.53281 2.0375 0.0209376 0.979062 5.19891e-07 -6.28128e-05 -6.22929e-05 10.6705
3.53281 2.29219 0.0437091 0.95629 5.30279e-07 -0.000131127 -0.000130597 10.6508
3.53281 2.54687 0.120778 0.87922 5.49583e-07 -0.000362334 -0.000361785 10.615
3.53281 2.80156 0.346433 0.653565 5.71383e-07 -0.0010393 -0.00103873 10.5761
3.53281 3.05625 0.700946 0.299055 5.85881e-07 -0.00210284 -0.00210225 10.5511
3.53281 3.31094 0.898002 0.101999 5.9328e-07 -0.00269401 -0.00269341 10.5385
3.53281 3.56562 0.96271 0.0372899 5.97327e-07 -0.00288813 -0.00288753 10.5317
3.53281 3.82031 0.982081 0.0179189 5.99218e-07 -0.00294624 -0.00294564 10.5285
3.53281 4.075 0.982081 0.0179188 5.99178e-07 -0.00294624 -0.00294564 10.5286
3.53281 4.32969 0.96271 0.0372898 5.97207e-07 -0.00288813 -0.00288753 10.5319
3.53281 4.58437 0.898001 0.102 5.9308e-07 -0.002694 -0.00269341 10.5388
3.53281 4.83906 0.700943 0.299058 5.85602e-07 -0.00210283 -0.00210224 10.5515
3.53281 5.09375 0.346428 0.65357 5.71034e-07 -0.00103928 -0.00103871 10.5767
3.53281 5.34844 0.120775 0.879223 5.49173e-07 -0.000362326 -0.000361777 10.6158
3.53281 5.60312 0.0437082 0.956291 5.2981e-07 -0.000131125 -0.000130595 10.6516
3.53281 5.85781 0.0209382 0.979061 5.19354e-07 -6.28147e-05 -6.22953e-05 10.6716
3.53281 6.1125 0.0209376 0.979062 5.19365e-07 -6.28128e-05 -6.22934e-05 10.6716
3.53281 6.36719 0.0437057 0.956294 5.29843e-07 -0.000131117 -0.000130587 10.6516
3.53281 6.62187 0.120767 0.879231 5.49224e-07 -0.000362301 -0.000361752 10.6157
3.53281 6.87656 0.346407 0.653591 5.71089e-07 -0.00103922 -0.00103865 10.5766
3.53281 7.13125 0.700925 0.299077 5.85641e-07 -0.00210277 -0.00210219 10.5515
3.53281 7.38594 0.897994 0.102006 5.9309e-07 -0.00269398 -0.00269339 10.5388
3.53281 7.64062 0.962708 0.0372919 5.97181e-07 -0.00288812 -0.00288753 10.5319
3.53281 7.89531 0.98208 0.0179197 5.99115e-07 -0.00294624 -0.00294564 10.5287
3.78516 0 0.982786 0.0172141 1.20644e-06 -0.00294836 -0.00294715 9.82874
3.78516 0.254687 0.964346 0.0356537 1.2003e-06 -0.00289304 -0.00289184 9.83384
3.78516 0.509375 0.903241 0.0967597 1.18818e-06 -0.00270972 -0.00270854 9.84399
3.78516 0.764062 0.715379 0.284624 1.16882e-06 -0.00214614 -0.00214497 9.86041
3.78516 1.01875 0.36246 0.637538 1.13835e-06 -0.00108738 -0.00108624 9.88683
3.78516 1.27344 0.126983 0.873015 1.09797e-06 -0.000380948 -0.00037985 9.92295
3.78516 1.52812 0.0455584 0.954441 1.06293e-06 -0.000136675 -0.000135612 9.95538
3.78516 1.78281 0.0216864 0.978313 1.04393e-06 -6.50592e-05 -6.40152e-05 9.97342
3.78516 2.0375 0.0216903 0.978309 1.04375e-06 -6.5071e-05 -6.40273e-05 9.9736
3.78516 2.29219 0.0455747 0.954425 1.06235e-06 -0.000136724 -0.000135662 9.95593
3.78516 2.54687 0.127036 0.872962 1.09698e-06 -0.000381109 -0.000380012 9.92385
3.78516 2.80156 0.362589 0.637409 1.13694e-06 -0.00108777 -0.00108663 9.88807
3.78516 3.05625 0.715485 0.284517 1.167e-06 -0.00214646 -0.00214529 9.86198
3.78516 3.31094 0.903279 0.0967223 1.18595e-06 -0.00270984 -0.00270865 9.84587
3.78516 3.56562 0.964358 0.0356419 1.19768e-06 -0.00289307 -0.00289188 9.83602
3.78516 3.82031 0.982791 0.017209 1.20342e-06 -0.00294837 -0.00294717 9.83124
3.78516 4.075 0.982791 0.0172091 1.20334e-06 -0.00294837 -0.00294717 9.83131
3.78516 4.32969 0.964357 0.0356427 1.19745e-06 -0.00289307 -0.00289187 9.83622
3.78516 4.58437 0.903275 0.0967255 1.18556e-06 -0.00270983 -0.00270864 9.8462
3.78516 4.83906 0.715475 0.284527 1.16645e-06 -0.00214642 -0.00214526 9.86244
3.78516 5.09375 0.362574 0.637424 1.13625e-06 -0.00108772 -0.00108659 9.88868
3.78516 5.34844 0.127029 0.872969 1.09617e-06 -0.000381088 -0.000379992 9.92459
3.78516 5.60312 0.0455725 0.954427 1.06143e-06 -0.000136718 -0.000135656 9.9568
3.78516 5.85781 0.0216906 0.978309 1.04268e-06 -6.50718e-05 -6.40291e-05 9.97462
3.78516 6.1125 0.02169 0.97831 1.0427e-06 -6.50699e-05 -6.40272e-05 9.9746
3.78516 6.36719 0.04557 0.954429 1.06149e-06 -0.00013671 -0.000135648 9.95674
3.78516 6.62187 0.127021 0.872977 1.09627e-06 -0.000381063 -0.000379967 9.9245
3.78516 6.87656 0.362554 0.637444 1.13636e-06 -0.00108766 -0.00108653 9.88858
3.78516 7.13125 0.715458 0.284544 1.16653e-06 -0.00214637 -0.00214521 9.86238
3.78516 7.38594 0.90327 0.0967312 1.18558e-06 -0.00270981 -0.00270862 9.84618
3.78516 7.64062 0.964356 0.0356445 1.1974e-06 -0.00289307 -0.00289187 9.83626
3.78516 7.89531 0.98279 0.0172099 1.20322e-06 -0.00294837 -0.00294717 9.83141
4.0375 0 0.982995 0.0170048 2.38095e-06 -0.00294898 -0.0029466 9.14891
4.0375 0.254687 0.96485 0.0351503 2.36497e-06 -0.00289455 -0.00289218 9.15565
4.0375 0.509375 0.904913 0.0950875 2.33385e-06 -0.00271474 -0.00271241 9.1689
4.0375 0.764062 0.720171 0.279831 2.28719e-06 -0.00216051 -0.00215823 9.18909
4.0375 1.01875 0.368087 0.631912 2.22361e-06 -0.00110426 -0.00110204 9.21728
4.0375 1.27344 0.129222 0.870776 2.15007e-06 -0.000387667 -0.000385517 9.25091
4.0375 1.52812 0.0462297 0.95377 2.08882e-06 -0.000138689 -0.0001366 9.27981
4.0375 1.78281 0.0219538 0.978046 2.05583e-06 -6.58613e-05 -6.38055e-05 9.29573
4.0375 2.0375 0.0219582 0.978042 2.05547e-06 -6.58745e-05 -6.3819e-05 9.29591
4.0375 2.29219 0.0462478 0.953752 2.08771e-06 -0.000138744 -0.000136656 9.28035
4.0375 2.54687 0.129282 0.870717 2.14817e-06 -0.000387845 -0.000385696 9.2518
4.0375 2.80156 0.368227 0.631772 2.2209e-06 -0.00110468 -0.00110246 9.2185
4.0375 3.05625 0.720285 0.279717 2.28369e-06 -0.00216086 -0.00215857 9.19062
4.0375 3.31094 0.904953 0.095048 2.32957e-06 -0.00271486 -0.00271253 9.17073
4.0375 3.56562 0.964862 0.0351379 2.35991e-06 -0.00289459 -0.00289223 9.15779
4.0375 3.82031 0.983 0.0169996 2.37511e-06 -0.002949 -0.00294663 9.15137
4.0375 4.075 0.983 0.0169999 2.37496e-06 -0.002949 -0.00294662 9.15143
4.0375 4.32969 0.964861 0.0351395 2.35945e-06 -0.00289458 -0.00289222 9.15798
4.0375 4.58437 0.904947 0.0950536 2.32881e-06 -0.00271484 -0.00271251 9.17106
4.0375 4.83906 0.720268 0.279735 2.28264e-06 -0.0021608 -0.00215852 9.19108
4.0375 5.09375 0.368203 0.631795 2.21959e-06 -0.00110461 -0.00110239 9.21909
4.0375 5.34844 0.129271 0.870727 2.14662e-06 -0.000387812 -0.000385666 9.25252
4.0375 5.60312 0.0462444 0.953755 2.08592e-06 -0.000138733 -0.000136647 9.2812
4.0375 5.85781 0.021958 0.978042 2.05341e-06 -6.58741e-05 -6.38207e-05 9.29691
4.0375 6.1125 0.0219575 0.978042 2.05346e-06 -6.58724e-05 -6.38189e-05 9.29689
4.0375 6.36719 0.046242 0.953758 2.08605e-06 -0.000138726 -0.00013664 9.28114
4.0375 6.62187 0.129263 0.870735 2.14682e-06 -0.000387789 -0.000385642 9.25243
4.0375 6.87656 0.368185 0.631813 2.2198e-06 -0.00110455 -0.00110233 9.219
4.0375 7.13125 0.720253 0.279749 2.2828e-06 -0.00216076 -0.00215848 9.19101
4.0375 7.38594 0.904942 0.0950586 2.32885e-06 -0.00271483 -0.0027125 9.17104
4.0375 7.64062 0.964859 0.0351409 2.35937e-06 -0.00289458 -0.00289222 9.15802
4.0375 7.89531 0.982999 0.0170005 2.37472e-06 -0.002949 -0.00294662 9.15153
4.28984 0 0.982726 0.0172737 4.62597e-06 -0.00294818 -0.00294355 8.48473
4.28984 0.254687 0.964268 0.0357317 4.58748e-06 -0.0028928 -0.00288822 8.49308
4.28984 0.509375 0.903199 0.096802 4.51317e-06 -0.0027096 -0.00270508 8.50941
4.28984 0.764062 0.715622 0.28438 4.40601e-06 -0.00214687 -0.00214246 8.53345
4.28984 1.01875 0.362937 0.637061 4.27472e-06 -0.00108881 -0.00108454 8.5637
4.28984 1.27344 0.127224 0.872775 4.14193e-06 -0.000381671 -0.000377529 8.59525
4.28984 1.52812 0.0456403 0.954359 4.03722e-06 -0.000136921 -0.000132884 8.62086
4.28984 1.78281 0.0217149 0.978285 3.98149e-06 -6.51448e-05 -6.11633e-05 8.63476
4.28984 2.0375 0.0217196 0.97828 3.98079e-06 -6.51587e-05 -6.11779e-05 8.63493
4.28984 2.29219 0.0456593 0.95434 4.03512e-06 -0.000136978 -0.000132943 8.62138
4.28984 2.54687 0.127285 0.872714 4.13836e-06 -0.000381855 -0.000377716 8.59612
4.28984 2.80156 0.363083 0.636915 4.26965e-06 -0.00108925 -0.00108498 8.56488
4.28984 3.05625 0.715743 0.284259 4.39946e-06 -0.00214723 -0.00214283 8.53493
4.28984 3.31094 0.903241 0.0967596 4.50515e-06 -0.00270972 -0.00270522 8.51119
4.28984 3.56562 0.964281 0.0357185 4.57798e-06 -0.00289284 -0.00288827 8.49516
4.28984 3.82031 0.982732 0.0172682 4.61498e-06 -0.00294819 -0.00294358 8.48711
4.28984 4.075 0.982731 0.0172687 4.61469e-06 -0.00294819 -0.00294358 8.48717
4.28984 4.32969 0.964279 0.0357207 4.57712e-06 -0.00289284 -0.00288826 8.49534
4.28984 4.58437 0.903233 0.0967677 4.50374e-06 -0.0027097 -0.0027052 8.51151
4.28984 4.83906 0.715718 0.284283 4.39752e-06 -0.00214716 -0.00214276 8.53537
4.28984 5.09375 0.363052 0.636946 4.26722e-06 -0.00108916 -0.00108489 8.56545
4.28984 5.34844 0.127271 0.872727 4.13548e-06 -0.000381813 -0.000377678 8.59681
4.28984 5.60312 0.0456548 0.954345 4.03179e-06 -0.000136964 -0.000132933 8.6222
4.28984 5.85781 0.0217191 0.978281 3.97695e-06 -6.51572e-05 -6.11803e-05 8.6359
4.28984 6.1125 0.0217186 0.978281 3.97703e-06 -6.51557e-05 -6.11787e-05 8.63588
4.28984 6.36719 0.0456527 0.954347 4.03204e-06 -0.000136958 -0.000132926 8.62214
4.28984 6.62187 0.127264 0.872734 4.13586e-06 -0.000381793 -0.000377657 8.59672
4.28984 6.87656 0.363036 0.636962 4.26763e-06 -0.00108911 -0.00108484 8.56536
4.28984 7.13125 0.715705 0.284296 4.39782e-06 -0.00214712 -0.00214272 8.53531
4.28984 7.38594 0.903229 0.096772 4.50383e-06 -0.00270969 -0.00270518 8.51149
4.28984 7.64062 0.964278 0.0357219 4.57696e-06 -0.00289283 -0.00288826 8.49538
4.28984 7.89531 0.982731 0.0172692 4.61426e-06 -0.00294819 -0.00294358 8.48726
4.54219 0 0.981966 0.0180334 8.86435e-06 -0.0029459 -0.00293703 7.83438
4.54219 0.254687 0.962566 0.037434 8.77676e-06 -0.0028877 -0.00287892 7.84431
4.54219 0.509375 0.897965 0.102036 8.60855e-06 -0.0026939 -0.00268529 7.86366
4.54219 0.764062 0.701562 0.29844 8.37256e-06 -0.00210469 -0.00209631 7.89146
4.54219 1.01875 0.347454 0.652544 8.10733e-06 -0.00104236 -0.00103426 7.92365
4.54219 1.27344 0.121266 0.878733 7.8702e-06 -0.000363797 -0.000355927 7.95333
4.54219 1.52812 0.0438724 0.956127 7.69419e-06 -0.000131617 -0.000123923 7.97595
4.54219 1.78281 0.0209968 0.979003 7.60189e-06 -6.29905e-05 -5.53886e-05 7.98802
4.54219 2.0375 0.0210015 0.978999 7.60062e-06 -6.30044e-05 -5.54038e-05 7.98819
4.54219 2.29219 0.0438914 0.956108 7.69034e-06 -0.000131674 -0.000123984 7.97645
4.54219 2.54687 0.121326 0.878673 7.86368e-06 -0.000363979 -0.000356115 7.95416
4.54219 2.80156 0.347602 0.652397 8.09811e-06 -0.00104281 -0.00103471 7.92479
4.54219 3.05625 0.701692 0.29831 8.36063e-06 -0.00210508 -0.00209671 7.89288
4.54219 3.31094 0.898011 0.101989 8.59389e-06 -0.00269403 -0.00268544 7.86536
4.54219 3.56562 0.96258 0.0374196 8.75933e-06 -0.00288774 -0.00287898 7.8463
4.54219 3.82031 0.981972 0.0180275 8.84418e-06 -0.00294592 -0.00293707 7.83666
4.54219 4.075 0.981972 0.0180282 8.84365e-06 -0.00294591 -0.00293707 7.83672
4.54219 4.32969 0.962577 0.0374227 8.75777e-06 -0.00288773 -0.00287897 7.84647
4.54219 4.58437 0.898001 0.102 8.59131e-06 -0.002694 -0.00268541 7.86566
4.54219 4.83906 0.701661 0.298341 8.35711e-06 -0.00210498 -0.00209662 7.8933
4.54219 5.09375 0.347566 0.652433 8.09371e-06 -0.0010427 -0.0010346 7.92533
4.54219 5.34844 0.12131 0.878688 7.85846e-06 -0.000363931 -0.000356073 7.95482
4.54219 5.60312 0.0438862 0.956114 7.68428e-06 -0.000131659 -0.000123974 7.97724
4.54219 5.85781 0.0210007 0.978999 7.5936e-06 -6.30022e-05 -5.54086e-05 7.98911
4.54219 6.1125 0.0210003 0.979 7.59376e-06 -6.30009e-05 -5.54071e-05 7.98909
4.54219 6.36719 0.0438845 0.956115 7.68474e-06 -0.000131653 -0.000123969 7.97718
4.54219 6.62187 0.121305 0.878694 7.85917e-06 -0.000363915 -0.000356055 7.95473
4.54219 6.87656 0.347552 0.652446 8.09447e-06 -0.00104266 -0.00103456 7.92523
4.54219 7.13125 0.70165 0.298352 8.35767e-06 -0.00210495 -0.00209659 7.89324
4.54219 7.38594 0.897997 0.102003 8.59151e-06 -0.00269399 -0.0026854 7.86564
4.54219 7.64062 0.962576 0.0374236 8.75751e-06 -0.00288773 -0.00287897 7.8465
4.54219 7.89531 0.981971 0.0180286 8.8429e-06 -0.00294591 -0.00293707 7.8368
4.79453 0 0.980678 0.019322 1.67826e-05 -0.00294203 -0.00292525 7.19607
4.79453 0.254687 0.959629 0.040371 1.65921e-05 -0.00287889 -0.00286229 7.20749
4.79453 0.509375 0.888783 0.111218 1.62277e-05 -0.00266635 -0.00265012 7.2297
4.79453 0.764062 0.677447 0.322554 1.57272e-05 -0.00203234 -0.00201661 7.26102
4.79453 1.01875 0.322874 0.677125 1.52065e-05 -0.000968621 -0.000953415 7.29469
4.79453 1.27344 0.112038 0.887962 1.47877e-05 -0.000336113 -0.000321325 7.32262
4.79453 1.52812 0.0410869 0.958913 1.4494e-05 -0.000123261 -0.000108767 7.34268
4.79453 1.78281 0.0198478 0.980152 1.43422e-05 -5.95435e-05 -4.52013e-05 7.35321
4.79453 2.0375 0.0198523 0.980148 1.43399e-05 -5.9557e-05 -4.5217e-05 7.35337
4.79453 2.29219 0.0411051 0.958895 1.44871e-05 -0.000123315 -0.000108828 7.34316
4.79453 2.54687 0.112095 0.887905 1.47761e-05 -0.000336284 -0.000321508 7.3234
4.79453 2.80156 0.323018 0.676981 1.51901e-05 -0.000969055 -0.000953865 7.29577
4.79453 3.05625 0.677588 0.322413 1.5706e-05 -0.00203276 -0.00201706 7.26237
4.79453 3.31094 0.888835 0.111165 1.62015e-05 -0.00266651 -0.0026503 7.23131
4.79453 3.56562 0.959645 0.040355 1.6561e-05 -0.00287893 -0.00286237 7.20937
4.79453 3.82031 0.980684 0.0193156 1.67464e-05 -0.00294205 -0.00292531 7.19823
4.79453 4.075 0.980683 0.0193166 1.67455e-05 -0.00294205 -0.0029253 7.19829
4.79453 4.32969 0.959641 0.0403589 1.65582e-05 -0.00287892 -0.00286236 7.20954
4.79453 4.58437 0.888821 0.111179 1.61969e-05 -0.00266646 -0.00265027 7.2316
4.79453 4.83906 0.67755 0.322451 1.56998e-05 -0.00203265 -0.00201695 7.26277
4.79453 5.09375 0.322978 0.677021 1.51823e-05 -0.000968935 -0.000953753 7.29628
4.79453 5.34844 0.112078 0.887921 1.47669e-05 -0.000336235 -0.000321468 7.32403
4.79453 5.60312 0.0410996 0.9589 1.44764e-05 -0.000123299 -0.000108822 7.3439
4.79453 5.85781 0.0198514 0.980149 1.43275e-05 -5.95542e-05 -4.52268e-05 7.35424
4.79453 6.1125 0.0198511 0.980149 1.43277e-05 -5.95533e-05 -4.52255e-05 7.35422
4.79453 6.36719 0.0410983 0.958902 1.44772e-05 -0.000123295 -0.000108818 7.34384
4.79453 6.62187 0.112074 0.887925 1.47681e-05 -0.000336223 -0.000321455 7.32394
4.79453 6.87656 0.322969 0.67703 1.51837e-05 -0.000968906 -0.000953722 7.29619
4.79453 7.13125 0.677541 0.32246 1.57008e-05 -0.00203262 -0.00201692 7.2627
4.79453 7.38594 0.888819 0.111182 1.61973e-05 -0.00266646 -0.00265026 7.23157
4.79453 7.64062 0.95964 0.0403595 1.65578e-05 -0.00287892 -0.00286236 7.20956
4.79453 7.89531 0.980683 0.0193167 1.67442e-05 -0.00294205 -0.00292531 7.19836
5.04688 0 0.978812 0.0211882 3.14479e-05 -0.00293643 -0.00290499 6.56808
5.04688 0.254687 0.955294 0.0447057 3.1051e-05 -0.00286588 -0.00283483 6.58078
5.04688 0.509375 0.875032 0.124968 3.02924e-05 -0.0026251 -0.0025948 6.60552
5.04688 0.764062 0.642825 0.357175 2.92691e-05 -0.00192847 -0.00189921 6.63988
5.04688 1.01875 0.291404 0.708596 2.82774e-05 -0.000874212 -0.000845934 6.67435
5.04688 1.27344 0.100639 0.89936 2.75411e-05 -0.000301918 -0.000274377 6.70074
5.04688 1.52812 0.0375769 0.962423 2.70454e-05 -0.000112731 -8.56854e-05 6.7189
5.04688 1.78281 0.0183689 0.981631 2.67919e-05 -5.51068e-05 -2.83149e-05 6.72832
5.04688 2.0375 0.0183731 0.981627 2.67879e-05 -5.51194e-05 -2.83314e-05 6.72846
5.04688 2.29219 0.0375937 0.962406 2.70334e-05 -0.000112781 -8.57478e-05 6.71934
5.04688 2.54687 0.100692 0.899308 2.75209e-05 -0.000302075 -0.000274554 6.70147
5.04688 2.80156 0.291542 0.708458 2.82489e-05 -0.000874625 -0.000846376 6.67536
5.04688 3.05625 0.642979 0.357021 2.92322e-05 -0.00192894 -0.00189971 6.64115
5.04688 3.31094 0.875093 0.124907 3.02468e-05 -0.00262528 -0.00259503 6.60703
5.04688 3.56562 0.955313 0.0446872 3.09965e-05 -0.00286594 -0.00283494 6.58254
5.04688 3.82031 0.978819 0.0211812 3.13847e-05 -0.00293646 -0.00290507 6.5701
5.04688 4.075 0.978817 0.0211824 3.1383e-05 -0.00293645 -0.00290507 6.57015
5.04688 4.32969 0.955308 0.0446923 3.09916e-05 -0.00286592 -0.00283493 6.5827
5.04688 4.58437 0.875075 0.124925 3.02388e-05 -0.00262523 -0.00259499 6.60729
5.04688 4.83906 0.642934 0.357066 2.92214e-05 -0.0019288 -0.00189958 6.64152
5.04688 5.09375 0.2915 0.708499 2.82355e-05 -0.000874501 -0.000846266 6.67584
5.04688 5.34844 0.100675 0.899324 2.75049e-05 -0.000302026 -0.000274522 6.70205
5.04688 5.60312 0.0375883 0.962412 2.70147e-05 -0.000112765 -8.57503e-05 6.72003
5.04688 5.85781 0.0183722 0.981628 2.67663e-05 -5.51166e-05 -2.83503e-05 6.72927
5.04688 6.1125 0.018372 0.981628 2.67668e-05 -5.51159e-05 -2.83491e-05 6.72926
5.04688 6.36719 0.0375874 0.962413 2.70162e-05 -0.000112762 -8.57461e-05 6.71998
5.04688 6.62187 0.100673 0.899327 2.75071e-05 -0.000302019 -0.000274511 6.70197
5.04688 6.87656 0.291494 0.708505 2.82379e-05 -0.000874483 -0.000846245 6.67575
5.04688 7.13125 0.642928 0.357072 2.92233e-05 -0.00192878 -0.00189956 6.64145
5.04688 7.38594 0.875074 0.124926 3.02396e-05 -0.00262522 -0.00259498 6.60726
5.04688 7.64062 0.955308 0.0446924 3.09911e-05 -0.00286592 -0.00283493 6.58272
5.04688 7.89531 0.978818 0.0211823 3.13809e-05 -0.00293645 -0.00290507 6.57022
5.29922 0 0.97634 0.0236603 5.84179e-05 -0.00292902 -0.0028706 5.94879
5.29922 0.254687 0.949425 0.0505753 5.76273e-05 -0.00284827 -0.00279065 5.96242
5.29922 0.509375 0.856203 0.143797 5.61141e-05 -0.00256861 -0.00251249 5.98903
5.29922 0.764062 0.598303 0.401697 5.41e-05 -0.00179491 -0.00174081 6.02558
5.29922 1.01875 0.25624 0.74376 5.22604e-05 -0.00076872 -0.00071646 6.06018
5.29922 1.27344 0.0883516 0.911648 5.09484e-05 -0.000265055 -0.000214107 6.0856
5.29922 1.52812 0.0336731 0.966327 5.00779e-05 -0.000101019 -5.09413e-05 6.10284
5.29922 1.78281 0.0166817 0.983318 4.9634e-05 -5.00451e-05 -4.11129e-07 6.11174
5.29922 2.0375 0.0166855 0.983315 4.96272e-05 -5.00564e-05 -4.29146e-07 6.11188
5.29922 2.29219 0.0336882 0.966312 5.00576e-05 -0.000101065 -5.1007e-05 6.10324
5.29922 2.54687 0.0883975 0.911602 5.09141e-05 -0.000265193 -0.000214279 6.08628
5.29922 2.80156 0.256367 0.743633 5.22119e-05 -0.000769102 -0.00071689 6.06111
5.29922 3.05625 0.59847 0.40153 5.40372e-05 -0.00179541 -0.00174137 6.02675
5.29922 3.31094 0.856275 0.143725 5.60363e-05 -0.00256883 -0.00251279 5.99042
5.29922 3.56562 0.949446 0.0505536 5.75342e-05 -0.00284834 -0.0027908 5.96404
5.29922 3.82031 0.976348 0.0236523 5.83098e-05 -0.00292904 -0.00287073 5.95065
5.29922 4.075 0.976346 0.0236537 5.8307e-05 -0.00292904 -0.00287073 5.9507
5.29922 4.32969 0.94944 0.0505601 5.75258e-05 -0.00284832 -0.00279079 5.96418
5.29922 4.58437 0.856253 0.143747 5.60227e-05 -0.00256876 -0.00251273 5.99066
5.29922 4.83906 0.598418 0.401582 5.40188e-05 -0.00179525 -0.00174123 6.02709
5.29922 5.09375 0.256327 0.743673 5.21892e-05 -0.000768981 -0.000716792 6.06154
5.29922 5.34844 0.0883826 0.911617 5.0887e-05 -0.000265148 -0.000214261 6.08681
5.29922 5.60312 0.0336831 0.966317 5.0026e-05 -0.000101049 -5.10235e-05 6.10387
5.29922 5.85781 0.0166846 0.983316 4.95905e-05 -5.00537e-05 -4.63197e-07 6.11262
5.29922 6.1125 0.0166844 0.983316 4.95913e-05 -5.00533e-05 -4.61958e-07 6.1126
5.29922 6.36719 0.0336827 0.966317 5.00284e-05 -0.000101048 -5.10196e-05 6.10383
5.29922 6.62187 0.0883813 0.911619 5.08908e-05 -0.000265144 -0.000214253 6.08674
5.29922 6.87656 0.256324 0.743676 5.21935e-05 -0.000768973 -0.000716779 6.06146
5.29922 7.13125 0.598416 0.401584 5.40223e-05 -0.00179525 -0.00174122 6.02702
5.29922 7.38594 0.856253 0.143747 5.60243e-05 -0.00256876 -0.00251273 5.99063
5.29922 7.64062 0.94944 0.0505596 5.75251e-05 -0.00284832 -0.0027908 5.9642
5.29922 7.89531 0.976347 0.0236534 5.83035e-05 -0.00292904 -0.00287074 5.95075
5.55156 0 0.973313 0.0266866 0.000107723 -0.00291994 -0.00281222 5.33686
5.55156 0.254687 0.942073 0.0579272 0.000106231 -0.00282622 -0.00271999 5.3508
5.55156 0.509375 0.832547 0.167453 0.000103363 -0.00249764 -0.00239428 5.37817
5.55156 0.764062 0.54696 0.45304 9.95664e-05 -0.00164088 -0.00154131 5.41559
5.55156 1.01875 0.221346 0.778655 9.62021e-05 -0.000664038 -0.000567835 5.44997
5.55156 1.27344 0.0765446 0.923455 9.37684e-05 -0.000229634 -0.000135866 5.47559
5.55156 1.52812 0.0297916 0.970209 9.2128e-05 -8.93747e-05 2.75328e-06 5.49324
5.55156 1.78281 0.0149615 0.985039 9.12867e-05 -4.48846e-05 4.64021e-05 5.50241
5.55156 2.0375 0.0149648 0.985035 9.12756e-05 -4.48945e-05 4.63811e-05 5.50253
5.55156 2.29219 0.0298049 0.970195 9.20943e-05 -8.94146e-05 2.67976e-06 5.4936
5.55156 2.54687 0.076584 0.923416 9.37114e-05 -0.000229752 -0.000136041 5.4762
5.55156 2.80156 0.22146 0.778541 9.61212e-05 -0.000664379 -0.000568257 5.45081
5.55156 3.05625 0.547137 0.452863 9.94616e-05 -0.00164141 -0.00154195 5.41665
5.55156 3.31094 0.832631 0.167368 0.000103233 -0.00249789 -0.00239466 5.37943
5.55156 3.56562 0.942098 0.0579015 0.000106075 -0.0028263 -0.00272022 5.35227
5.55156 3.82031 0.973322 0.0266774 0.000107542 -0.00291997 -0.00281243 5.33853
5.55156 4.075 0.973321 0.0266793 0.000107537 -0.00291996 -0.00281242 5.33858
5.55156 4.32969 0.94209 0.0579097 0.000106062 -0.00282627 -0.00272021 5.3524
5.55156 4.58437 0.832603 0.167396 0.00010321 -0.00249781 -0.0023946 5.37965
5.55156 4.83906 0.547079 0.452921 9.9431e-05 -0.00164124 -0.00154181 5.41695
5.55156 5.09375 0.221422 0.778579 9.60835e-05 -0.000664266 -0.000568182 5.4512
5.55156 5.34844 0.0765707 0.923429 9.36666e-05 -0.000229712 -0.000136045 5.47668
5.55156 5.60312 0.0298002 0.9702 9.2042e-05 -8.94007e-05 2.64127e-06 5.49417
5.55156 5.85781 0.014964 0.985036 9.12148e-05 -4.48921e-05 4.63227e-05 5.5032
5.55156 6.1125 0.014964 0.985036 9.12162e-05 -4.48919e-05 4.63243e-05 5.50318
5.55156 6.36719 0.0298001 0.9702 9.2046e-05 -8.94003e-05 2.64575e-06 5.49413
5.55156 6.62187 0.0765704 0.92343 9.36729e-05 -0.000229711 -0.000136038 5.47661
5.55156 6.87656 0.221422 0.778578 9.60908e-05 -0.000664266 -0.000568175 5.45112
5.55156 7.13125 0.547081 0.452919 9.94372e-05 -0.00164124 -0.0015418 5.41689
5.55156 7.38594 0.832605 0.167394 0.000103214 -0.00249782 -0.0023946 5.37962
5.55156 7.64062 0.942091 0.0579085 0.000106061 -0.00282627 -0.00272021 5.35241
5.55156 7.89531 0.973321 0.0266787 0.000107532 -0.00291996 -0.00281243 5.33863
5.80391 0 0.969946 0.0300542 0.000197358 -0.00290984 -0.00271248 4.7314
5.80391 0.254687 0.933751 0.0662492 0.000194739 -0.00280125 -0.00260651 4.74476
5.80391 0.509375 0.806051 0.193948 0.000189657 -0.00241815 -0.0022285 4.7712
5.80391 0.764062 0.495267 0.504733 0.00018286 -0.0014858 -0.00130294 4.8077
5.80391 1.01875 0.190785 0.809216 0.000176675 -0.000572354 -0.000395679 4.84211
5.80391 1.27344 0.0664091 0.933591 0.000171865 -0.000199227 -2.73626e-05 4.86971
5.80391 1.52812 0.0263282 0.973672 0.000168503 -7.89846e-05 8.95182e-05 4.88947
5.80391 1.78281 0.0133927 0.986607 0.000166762 -4.01781e-05 0.000126584 4.89985
5.80391 2.0375 0.0133955 0.986605 0.000166744 -4.01866e-05 0.000126558 4.89996
5.80391 2.29219 0.0263396 0.97366 0.000168448 -7.90189e-05 8.94296e-05 4.88979
5.80391 2.54687 0.0664423 0.933558 0.000171773 -0.000199327 -2.75544e-05 4.87025
5.80391 2.80156 0.190884 0.809117 0.000176543 -0.000572651 -0.000396107 4.84285
5.80391 3.05625 0.495444 0.504556 0.000182689 -0.00148633 -0.00130364 4.80863
5.80391 3.31094 0.806147 0.193852 0.000189445 -0.00241844 -0.002229 4.77232
5.80391 3.56562 0.93378 0.0662195 0.000194486 -0.00280134 -0.00260686 4.74606
5.80391 3.82031 0.969956 0.0300437 0.000197064 -0.00290987 -0.0027128 4.73289
5.80391 4.075 0.969954 0.0300459 0.000197056 -0.00290986 -0.00271281 4.73293
5.80391 4.32969 0.93377 0.0662296 0.000194463 -0.00280131 -0.00260685 4.74617
5.80391 4.58437 0.806113 0.193886 0.000189408 -0.00241834 -0.00222893 4.77251
5.80391 4.83906 0.495382 0.504618 0.000182639 -0.00148615 -0.00130351 4.80891
5.80391 5.09375 0.190849 0.809152 0.000176482 -0.000572547 -0.000396065 4.8432
5.80391 5.34844 0.0664305 0.93357 0.0001717 -0.000199292 -2.75914e-05 4.87067
5.80391 5.60312 0.0263355 0.973665 0.000168364 -7.90065e-05 8.93578e-05 4.89029
5.80391 5.85781 0.0133948 0.986605 0.000166647 -4.01843e-05 0.000126462 4.90054
5.80391 6.1125 0.0133948 0.986605 0.000166649 -4.01844e-05 0.000126465 4.90053
5.80391 6.36719 0.0263356 0.973664 0.000168371 -7.90068e-05 8.93639e-05 4.89025
5.80391 6.62187 0.066431 0.933569 0.00017171 -0.000199293 -2.75827e-05 4.87061
5.80391 6.87656 0.190851 0.809149 0.000176495 -0.000572554 -0.00039606 4.84313
5.80391 7.13125 0.495388 0.504612 0.00018265 -0.00148616 -0.00130351 4.80885
5.80391 7.38594 0.806118 0.193882 0.000189414 -0.00241835 -0.00222894 4.77248
5.80391 7.64062 0.933772 0.0662277 0.000194463 -0.00280132 -0.00260685 4.74618
5.80391 7.89531 0.969955 0.0300452 0.000197049 -0.00290986 -0.00271282 4.73297
6.05625 0 0.966721 0.0332794 0.000359306 -0.00290016 -0.00254086 4.13224
6.05625 0.254687 0.925787 0.0742124 0.000355157 -0.00277736 -0.00242221 4.14386
6.05625 0.509375 0.781445 0.218554 0.000346973 -0.00234434 -0.00199736 4.16717
6.05625 0.764062 0.452559 0.547442 0.000335565 -0.00135768 -0.00102211 4.2006
6.05625 1.01875 0.168243 0.831758 0.000323947 -0.000504728 -0.000180781 4.23584
6.05625 1.27344 0.0590403 0.94096 0.000313804 -0.000177121 0.000136683 4.26765
6.05625 1.52812 0.0237516 0.976248 0.000306425 -7.12549e-05 0.000235171 4.29144
6.05625 1.78281 0.0122211 0.987779 0.000302574 -3.66632e-05 0.000265911 4.30409
6.05625 2.0375 0.0122235 0.987777 0.000302547 -3.66704e-05 0.000265876 4.30418
6.05625 2.29219 0.0237614 0.976239 0.000306341 -7.12841e-05 0.000235057 4.29172
6.05625 2.54687 0.0590681 0.940932 0.000313659 -0.000177204 0.000136454 4.26811
6.05625 2.80156 0.168327 0.831673 0.000323738 -0.000504982 -0.000181244 4.23648
6.05625 3.05625 0.452727 0.547273 0.000335292 -0.00135818 -0.00102289 4.20141
6.05625 3.31094 0.781548 0.218451 0.000346636 -0.00234464 -0.00199801 4.16814
6.05625 3.56562 0.92582 0.0741796 0.000354757 -0.00277746 -0.0024227 4.14499
6.05625 3.82031 0.966732 0.0332678 0.000358841 -0.0029002 -0.00254136 4.13354
6.05625 4.075 0.96673 0.0332704 0.000358829 -0.00290019 -0.00254136 4.13357
6.05625 4.32969 0.925808 0.0741917 0.000354721 -0.00277742 -0.0024227 4.14509
6.05625 4.58437 0.781509 0.218491 0.000346578 -0.00234453 -0.00199795 4.16831
6.05625 4.83906 0.452664 0.547337 0.000335214 -0.00135799 -0.00102278 4.20165
6.05625 5.09375 0.168295 0.831706 0.000323642 -0.000504886 -0.000181244 4.23678
6.05625 5.34844 0.0590575 0.940943 0.000313545 -0.000177172 0.000136373 4.26847
6.05625 5.60312 0.0237575 0.976243 0.000306209 -7.12726e-05 0.000234937 4.29215
6.05625 5.85781 0.0122227 0.987777 0.000302395 -3.66682e-05 0.000265726 4.30468
6.05625 6.1125 0.0122228 0.987777 0.000302398 -3.66684e-05 0.00026573 4.30467
6.05625 6.36719 0.0237579 0.976242 0.000306219 -7.12736e-05 0.000234946 4.29212
6.05625 6.62187 0.0590586 0.940942 0.000313561 -0.000177176 0.000136386 4.26842
6.05625 6.87656 0.168299 0.831701 0.000323661 -0.000504898 -0.000181237 4.23672
6.05625 7.13125 0.452673 0.547327 0.000335232 -0.00135802 -0.00102279 4.2016
6.05625 7.38594 0.781516 0.218484 0.000346589 -0.00234455 -0.00199796 4.16828
6.05625 7.64062 0.925811 0.0741889 0.000354721 -0.00277743 -0.00242271 4.14509
6.05625 7.89531 0.96673 0.0332696 0.000358818 -0.00290019 -0.00254137 4.1336
6.30859 0 0.964412 0.0355876 0.000649619 -0.00289324 -0.00224362 3.54003
6.30859 0.254687 0.920421 0.0795785 0.000644025 -0.00276126 -0.00211724 3.54868
6.30859 0.509375 0.76613 0.233869 0.00063268 -0.00229839 -0.00166571 3.56645
6.30859 0.764062 0.429118 0.570882 0.000615209 -0.00128735 -0.000672146 3.59446
6.30859 1.01875 0.156954 0.843046 0.000592988 -0.000470863 0.000122125 3.63124
6.30859 1.27344 0.0554392 0.944561 0.000570723 -0.000166318 0.000404405 3.66951
6.30859 1.52812 0.0225222 0.977478 0.000553938 -6.75666e-05 0.000486372 3.69936
6.30859 1.78281 0.0117055 0.988295 0.000545132 -3.51164e-05 0.000510016 3.71539
6.30859 2.0375 0.0117075 0.988293 0.00054509 -3.51224e-05 0.000509968 3.71547
6.30859 2.29219 0.0225305 0.97747 0.000553811 -6.75914e-05 0.00048622 3.69959
6.30859 2.54687 0.0554627 0.944537 0.000570504 -0.000166388 0.000404115 3.6699
6.30859 2.80156 0.157027 0.842974 0.00059267 -0.000471081 0.000121589 3.63178
6.30859 3.05625 0.429271 0.570729 0.000614789 -0.00128781 -0.000673026 3.59514
6.30859 3.31094 0.766231 0.233768 0.000632163 -0.00229869 -0.00166653 3.56727
6.30859 3.56562 0.920455 0.0795452 0.000643414 -0.00276136 -0.00211795 3.54963
6.30859 3.82031 0.964424 0.0355758 0.000648912 -0.00289327 -0.00224436 3.54112
6.30859 4.075 0.964421 0.0355787 0.000648894 -0.00289326 -0.00224437 3.54115
6.30859 4.32969 0.920441 0.0795589 0.00064336 -0.00276132 -0.00211796 3.54971
6.30859 4.58437 0.766188 0.233812 0.000632075 -0.00229856 -0.00166649 3.56741
6.30859 4.83906 0.429206 0.570795 0.000614668 -0.00128762 -0.00067295 3.59534
6.30859 5.09375 0.156996 0.843005 0.000592522 -0.000470987 0.000121534 3.63203
6.30859 5.34844 0.0554524 0.944548 0.000570331 -0.000166357 0.000403974 3.6702
6.30859 5.60312 0.0225267 0.977473 0.000553613 -6.75802e-05 0.000486033 3.69995
6.30859 5.85781 0.0117066 0.988293 0.000544863 -3.51198e-05 0.000509743 3.71588
6.30859 6.1125 0.0117067 0.988293 0.000544868 -3.51201e-05 0.000509748 3.71587
6.30859 6.36719 0.0225272 0.977473 0.000553629 -6.75817e-05 0.000486047 3.69992
6.30859 6.62187 0.055454 0.944546 0.000570356 -0.000166362 0.000403994 3.67016
6.30859 6.87656 0.157001 0.843 0.000592553 -0.000471004 0.000121549 3.63198
6.30859 7.13125 0.429219 0.570782 0.000614697 -0.00128766 -0.000672959 3.59529
6.30859 7.38594 0.766197 0.233802 0.000632093 -0.00229859 -0.0016665 3.56738
6.30859 7.64062 0.920444 0.0795555 0.000643362 -0.00276133 -0.00211797 3.54971
6.30859 7.89531 0.964422 0.035578 0.000648878 -0.00289327 -0.00224439 3.54117
6.56094 0 0.963961 0.036039 0.00116503 -0.00289188 -0.00172685 2.95592
6.56094 0.254687 0.920288 0.0797118 0.00115946 -0.00276086 -0.0016014 2.96071
6.56094 0.509375 0.768352 0.231648 0.0011476 -0.00230505 -0.00115745 2.97099
6.56094 0.764062 0.435443 0.564557 0.00112481 -0.00130633 -0.000181519 2.99105
6.56094 1.01875 0.161081 0.83892 0.00108311 -0.000483242 0.000599871 3.02882
6.56094 1.27344 0.0571803 0.94282 0.00103403 -0.000171541 0.000862494 3.07519
6.56094 1.52812 0.0233692 0.976631 0.000995652 -7.01076e-05 0.000925544 3.11302
6.56094 1.78281 0.0122565 0.987744 0.000975436 -3.67696e-05 0.000938667 3.13353
6.56094 2.0375 0.0122582 0.987742 0.000975377 -3.67747e-05 0.000938602 3.13359
6.56094 2.29219 0.0233763 0.976624 0.00099547 -7.01289e-05 0.000925341 3.1132
6.56094 2.54687 0.0572007 0.942799 0.00103372 -0.000171602 0.000862117 3.0755
6.56094 2.80156 0.161145 0.838856 0.00108265 -0.000483434 0.000599214 3.02925
6.56094 3.05625 0.435577 0.564423 0.00112419 -0.00130673 -0.000182541 2.9916
6.56094 3.31094 0.76844 0.231559 0.00114684 -0.00230532 -0.00115848 2.97165
6.56094 3.56562 0.920318 0.0796819 0.00115857 -0.00276095 -0.00160238 2.96148
6.56094 3.82031 0.963972 0.036028 0.001164 -0.00289192 -0.00172792 2.9568
6.56094 4.075 0.963969 0.0360311 0.00116397 -0.00289191 -0.00172793 2.95682
6.56094 4.32969 0.920304 0.079696 0.00115849 -0.00276091 -0.00160242 2.96154
6.56094 4.58437 0.768396 0.231604 0.00114671 -0.00230519 -0.00115847 2.97176
6.56094 4.83906 0.435509 0.564492 0.00112401 -0.00130653 -0.000182512 2.99176
6.56094 5.09375 0.161111 0.838889 0.00108243 -0.000483334 0.000599095 3.02946
6.56094 5.34844 0.0571896 0.942811 0.00103347 -0.000171569 0.000861898 3.07574
6.56094 5.60312 0.0233722 0.976628 0.000995185 -7.01166e-05 0.000925068 3.11349
6.56094 5.85781 0.012257 0.987743 0.000975052 -3.67711e-05 0.00093828 3.13393
6.56094 6.1125 0.0122572 0.987743 0.000975059 -3.67716e-05 0.000938288 3.13392
6.56094 6.36719 0.0233729 0.976627 0.000995208 -7.01188e-05 0.000925089 3.11347
6.56094 6.62187 0.0571918 0.942808 0.0010335 -0.000171575 0.000861929 3.07571
6.56094 6.87656 0.161118 0.838882 0.00108248 -0.000483355 0.000599122 3.02941
6.56094 7.13125 0.435524 0.564476 0.00112406 -0.00130657 -0.000182514 2.99172
6.56094 7.38594 0.768406 0.231593 0.00114674 -0.00230522 -0.00115848 2.97174
6.56094 7.64062 0.920307 0.0796924 0.0011585 -0.00276092 -0.00160243 2.96154
6.56094 7.89531 0.963969 0.0360306 0.00116395 -0.00289191 -0.00172795 2.95684
6.81328 0 0.966034 0.0339662 0.00207125 -0.0028981 -0.000826856 2.38051
6.81328 0.254687 0.926929 0.0730707 0.00206956 -0.00278079 -0.000711227 2.38133
6.81328 0.509375 0.792856 0.207143 0.00206495 -0.00237857 -0.000313615 2.38355
6.81328 0.764062 0.48195 0.51805 0.00204447 -0.00144585 0.000598622 2.39352
6.81328 1.01875 0.188173 0.811828 0.00197335 -0.000564519 0.00140884 2.42893
6.81328 1.27344 0.0672076 0.932793 0.00186887 -0.000201623 0.00166725 2.48333
6.81328 1.52812 0.0274061 0.972594 0.00178257 -8.22184e-05 0.00170035 2.53061
6.81328 1.78281 0.0144475 0.985553 0.00173686 -4.33426e-05 0.00169352 2.55658
6.81328 2.0375 0.014449 0.985551 0.00173678 -4.33471e-05 0.00169344 2.55663
6.81328 2.29219 0.0274124 0.972588 0.00178233 -8.22371e-05 0.00170009 2.53074
6.81328 2.54687 0.0672261 0.932774 0.00186844 -0.000201678 0.00166676 2.48356
6.81328 2.80156 0.18823 0.81177 0.00197271 -0.000564691 0.00140802 2.42925
6.81328 3.05625 0.48206 0.51794 0.00204361 -0.00144618 0.000597432 2.39394
6.81328 3.31094 0.792923 0.207076 0.00206391 -0.00237877 -0.000314862 2.38406
6.81328 3.56562 0.926952 0.0730477 0.00206834 -0.00278086 -0.000712519 2.38192
6.81328 3.82031 0.966043 0.0339574 0.00206984 -0.00289813 -0.000828289 2.38119
6.81328 4.075 0.96604 0.0339603 0.0020698 -0.00289812 -0.000828315 2.38121
6.81328 4.32969 0.926939 0.073061 0.00206823 -0.00278082 -0.000712583 2.38197
6.81328 4.58437 0.792881 0.207119 0.00206373 -0.00237864 -0.000314909 2.38415
6.81328 4.83906 0.481987 0.518013 0.00204337 -0.00144596 0.000597408 2.39406
6.81328 5.09375 0.18819 0.81181 0.00197241 -0.00056457 0.00140784 2.42941
6.81328 5.34844 0.0672122 0.932788 0.00186809 -0.000201636 0.00166645 2.48375
6.81328 5.60312 0.0274071 0.972593 0.00178194 -8.22214e-05 0.00169971 2.53096
6.81328 5.85781 0.0144471 0.985553 0.00173634 -4.33414e-05 0.001693 2.55688
6.81328 6.1125 0.0144474 0.985553 0.00173635 -4.33422e-05 0.00169301 2.55688
6.81328 6.36719 0.0274082 0.972592 0.00178197 -8.22246e-05 0.00169974 2.53094
6.81328 6.62187 0.0672152 0.932785 0.00186815 -0.000201646 0.0016665 2.48372
6.81328 6.87656 0.1882 0.811801 0.00197248 -0.000564599 0.00140788 2.42937
6.81328 7.13125 0.482005 0.517995 0.00204343 -0.00144602 0.000597418 2.39403
6.81328 7.38594 0.792892 0.207108 0.00206377 -0.00237868 -0.000314901 2.38413
6.81328 7.64062 0.926943 0.0730574 0.00206824 -0.00278083 -0.000712585 2.38196
6.81328 7.89531 0.96604 0.0339599 0.00206978 -0.00289812 -0.000828341 2.38122
7.06562 0 0.970681 0.0293188 0.00365799 -0.00291204 0.00074595 1.81175
7.06562 0.254687 0.939614 0.0603859 0.00366625 -0.00281884 0.000847407 1.80949
7.06562 0.509375 0.836526 0.163474 0.003682 -0.00250958 0.00117243 1.80521
7.06562 0.764062 0.575068 0.424932 0.00368305 -0.0017252 0.00195784 1.80492
7.06562 1.01875 0.254008 0.745992 0.00358616 -0.000762023 0.00282414 1.83158
7.06562 1.27344 0.0928984 0.907102 0.00338219 -0.000278695 0.00310349 1.89014
7.06562 1.52812 0.0373125 0.962688 0.00319567 -0.000111938 0.00308373 1.94687
7.06562 1.78281 0.0195652 0.980435 0.00309553 -5.86957e-05 0.00303684 1.9787
7.06562 2.0375 0.0195666 0.980433 0.00309543 -5.86999e-05 0.00303674 1.97873
7.06562 2.29219 0.0373183 0.962682 0.00319536 -0.000111955 0.00308341 1.94696
7.06562 2.54687 0.0929161 0.907084 0.00338165 -0.000278748 0.0031029 1.8903
7.06562 2.80156 0.25406 0.745941 0.00358535 -0.000762179 0.00282317 1.83181
7.06562 3.05625 0.575146 0.424854 0.00368195 -0.00172544 0.00195652 1.80522
7.06562 3.31094 0.836567 0.163433 0.00368068 -0.0025097 0.00117098 1.80557
7.06562 3.56562 0.939629 0.0603713 0.00366471 -0.00281889 0.000845822 1.80991
7.06562 3.82031 0.970687 0.0293129 0.00365622 -0.00291206 0.00074416 1.81223
7.06562 4.075 0.970685 0.0293154 0.00365618 -0.00291205 0.000744125 1.81224
7.06562 4.32969 0.939618 0.0603822 0.00366458 -0.00281885 0.000845727 1.80995
7.06562 4.58437 0.836532 0.163468 0.00368047 -0.0025096 0.00117087 1.80562
7.06562 4.83906 0.575073 0.424927 0.00368165 -0.00172522 0.00195643 1.8053
7.06562 5.09375 0.254005 0.745995 0.00358495 -0.000762015 0.00282294 1.83192
7.06562 5.34844 0.0928949 0.907105 0.00338119 -0.000278685 0.00310251 1.89044
7.06562 5.60312 0.0373103 0.96269 0.00319486 -0.000111931 0.00308293 1.94712
7.06562 5.85781 0.0195633 0.980437 0.00309488 -5.86899e-05 0.00303619 1.97891
7.06562 6.1125 0.0195637 0.980436 0.00309489 -5.86911e-05 0.0030362 1.97891
7.06562 6.36719 0.037312 0.962688 0.00319491 -0.000111936 0.00308297 1.9471
7.06562 6.62187 0.0928998 0.9071 0.00338127 -0.0002787 0.00310257 1.89041
7.06562 6.87656 0.254018 0.745982 0.00358505 -0.000762055 0.00282299 1.83189
7.06562 7.13125 0.575092 0.424908 0.00368173 -0.00172528 0.00195646 1.80528
7.06562 7.38594 0.836542 0.163458 0.00368052 -0.00250963 0.0011709 1.80561
7.06562 7.64062 0.939621 0.0603791 0.00366459 -0.00281886 0.000845731 1.80995
7.06562 7.89531 0.970685 0.029315 0.00365615 -0.00291205 0.000744096 1.81225
7.31797 0 0.977118 0.0228822 0.00646988 -0.00293135 0.00353852 1.24151
7.31797 0.254687 0.955326 0.044674 0.00649296 -0.00286598 0.00362699 1.23794
7.31797 0.509375 0.887179 0.112821 0.0065407 -0.00266154 0.00387916 1.23062
7.31797 0.764062 0.701658 0.298342 0.00658788 -0.00210497 0.00448291 1.22343
7.31797 1.01875 0.382266 0.617734 0.00650427 -0.0011468 0.00535747 1.2362
7.31797 1.27344 0.150586 0.849414 0.00617243 -0.000451758 0.00572067 1.28857
7.31797 1.52812 0.0589018 0.941098 0.00580373 -0.000176705 0.00562703 1.35016
7.31797 1.78281 0.0301335 0.969867 0.00559856 -9.04006e-05 0.00550816 1.38615
7.31797 2.0375 0.030135 0.969865 0.00559846 -9.04049e-05 0.00550805 1.38617
7.31797 2.29219 0.0589074 0.941093 0.00580341 -0.000176722 0.00562669 1.35022
7.31797 2.54687 0.150603 0.849397 0.00617184 -0.000451809 0.00572003 1.28867
7.31797 2.80156 0.382307 0.617693 0.00650337 -0.00114692 0.00535644 1.23634
7.31797 3.05625 0.7017 0.2983 0.00658667 -0.0021051 0.00448157 1.22361
7.31797 3.31094 0.887198 0.112802 0.00653924 -0.00266159 0.00387764 1.23084
7.31797 3.56562 0.955334 0.0446665 0.00649126 -0.002866 0.00362526 1.23821
7.31797 3.82031 0.977121 0.0228789 0.00646791 -0.00293136 0.00353654 1.24181
7.31797 4.075 0.977119 0.0228809 0.00646786 -0.00293136 0.0035365 1.24182
7.31797 4.32969 0.955326 0.0446744 0.00649112 -0.00286598 0.00362514 1.23823
7.31797 4.58437 0.887174 0.112826 0.00653901 -0.00266152 0.00387749 1.23088
7.31797 4.83906 0.701638 0.298362 0.00658635 -0.00210491 0.00448144 1.22366
7.31797 5.09375 0.382232 0.617768 0.00650292 -0.0011467 0.00535622 1.23641
7.31797 5.34844 0.150566 0.849434 0.00617128 -0.000451697 0.00571958 1.28876
7.31797 5.60312 0.058893 0.941107 0.00580281 -0.000176679 0.00562613 1.35032
7.31797 5.85781 0.0301286 0.969871 0.00559782 -9.03858e-05 0.00550743 1.38629
7.31797 6.1125 0.0301293 0.969871 0.00559784 -9.03879e-05 0.00550745 1.38628
7.31797 6.36719 0.058896 0.941104 0.00580287 -0.000176688 0.00562619 1.35031
7.31797 6.62187 0.150574 0.849425 0.00617138 -0.000451723 0.00571966 1.28874
7.31797 6.87656 0.382251 0.617749 0.00650303 -0.00114675 0.00535627 1.2364
7.31797 7.13125 0.701654 0.298346 0.00658644 -0.00210496 0.00448148 1.22365
7.31797 7.38594 0.887181 0.112819 0.00653907 -0.00266154 0.00387753 1.23087
7.31797 7.64062 0.955328 0.0446721 0.00649114 -0.00286598 0.00362515 1.23823
7.31797 7.89531 0.977119 0.0228805 0.00646783 -0.00293136 0.00353647 1.24182
7.57031 0 0.984356 0.015644 0.0116814 -0.00295307 0.00872833 0.650666
7.57031 0.254687 0.971045 0.0289553 0.0117134 -0.00291313 0.00880029 0.647928
7.57031 0.509375 0.932218 0.0677825 0.0117823 -0.00279665 0.00898564 0.642066
7.57031 0.764062 0.825369 0.174631 0.0118716 -0.00247611 0.00939554 0.63451
7.57031 1.01875 0.576868 0.423132 0.0118517 -0.0017306 0.0101211 0.636191
7.57031 1.27344 0.272093 0.727906 0.01148 -0.000816279 0.0106637 0.668055
7.57031 1.52812 0.107089 0.892911 0.0109207 -0.000321266 0.0105994 0.718004
7.57031 1.78281 0.0527893 0.947211 0.0105831 -0.000158368 0.0104248 0.749403
7.57031 2.0375 0.0527909 0.947209 0.010583 -0.000158373 0.0104247 0.749411
7.57031 2.29219 0.107095 0.892905 0.0109204 -0.000321284 0.0105991 0.718029
7.57031 2.54687 0.272108 0.727892 0.0114795 -0.000816323 0.0106632 0.668098
7.57031 2.80156 0.57689 0.42311 0.011851 -0.00173067 0.0101203 0.636254
7.57031 3.05625 0.825384 0.174617 0.0118706 -0.00247615 0.00939449 0.634595
7.57031 3.31094 0.932224 0.0677759 0.0117811 -0.00279667 0.00898439 0.64217
7.57031 3.56562 0.971048 0.0289523 0.011712 -0.00291314 0.00879884 0.648051
7.57031 3.82031 0.984357 0.0156426 0.0116797 -0.00295307 0.00872665 0.650809
7.57031 4.075 0.984356 0.0156439 0.0116797 -0.00295307 0.00872662 0.650812
7.57031 4.32969 0.971043 0.0289573 0.0117119 -0.00291313 0.00879875 0.64806
7.57031 4.58437 0.93221 0.0677903 0.0117809 -0.00279663 0.00898426 0.642185
7.57031 4.83906 0.825342 0.174658 0.0118704 -0.00247603 0.00939436 0.634617
7.57031 5.09375 0.576808 0.423192 0.0118506 -0.00173042 0.0101202 0.636286
7.57031 5.34844 0.27204 0.727959 0.011479 -0.000816121 0.0106629 0.668143
7.57031 5.60312 0.107065 0.892935 0.0109198 -0.000321195 0.0105986 0.718082
7.57031 5.85781 0.0527777 0.947222 0.0105824 -0.000158333 0.0104241 0.749468
7.57031 6.1125 0.052779 0.947221 0.0105825 -0.000158337 0.0104241 0.749465
7.57031 6.36719 0.107071 0.892929 0.0109199 -0.000321212 0.0105987 0.718075
7.57031 6.62187 0.272056 0.727944 0.0114791 -0.000816167 0.0106629 0.668134
7.57031 6.87656 0.576828 0.423172 0.0118507 -0.00173048 0.0101202 0.636278
7.57031 7.13125 0.825353 0.174647 0.0118705 -0.00247606 0.0093944 0.634611
7.57031 7.38594 0.932214 0.0677863 0.0117809 -0.00279664 0.00898429 0.642181
7.57031 7.64062 0.971044 0.0289558 0.0117119 -0.00291313 0.00879876 0.648059
7.57031 7.89531 0.984356 0.0156437 0.0116797 -0.00295307 0.0087266 0.650814
7.82266 0 0.990597 0.00940259 0.0223911 -0.00297179 0.0194193 0
7.82266 0.254687 0.983267 0.0167327 0.0223911 -0.0029498 0.0194413 0
7.82266 0.509375 0.962848 0.0371521 0.0223911 -0.00288854 0.0195026 0
7.82266 0.764062 0.907984 0.092016 0.0223911 -0.00272395 0.0196672 0
7.82266 1.01875 0.754336 0.245665 0.0223911 -0.00226301 0.0201281 0
7.82266 1.27344 0.44872 0.55128 0.0223911 -0.00134616 0.0210449 0
7.82266 1.52812 0.189817 0.810182 0.0223911 -0.000569452 0.0218217 0
7.82266 1.78281 0.0917677 0.908232 0.0223911 -0.000275303 0.0221158 0
7.82266 2.0375 0.0917698 0.90823 0.0223911 -0.00027531 0.0221158 0
7.82266 2.29219 0.189824 0.810175 0.0223911 -0.000569472 0.0218216 0
7.82266 2.54687 0.44873 0.55127 0.0223911 -0.00134619 0.0210449 0
7.82266 2.80156 0.754343 0.245658 0.0223911 -0.00226303 0.0201281 0
7.82266 3.05625 0.907988 0.0920126 0.0223911 -0.00272396 0.0196671 0
7.82266 3.31094 0.96285 0.0371504 0.0223911 -0.00288855 0.0195026 0
7.82266 3.56562 0.983268 0.0167317 0.0223911 -0.0029498 0.0194413 0
7.82266 3.82031 0.990598 0.00940213 0.0223911 -0.00297179 0.0194193 0
7.82266 4.075 0.990597 0.00940288 0.0223911 -0.00297179 0.0194193 0
7.82266 4.32969 0.983265 0.0167346 0.0223911 -0.0029498 0.0194413 0
7.82266 4.58437 0.962842 0.0371582 0.0223911 -0.00288853 0.0195026 0
7.82266 4.83906 0.907964 0.0920357 0.0223911 -0.00272389 0.0196672 0
7.82266 5.09375 0.754279 0.245722 0.0223911 -0.00226284 0.0201283 0
7.82266 5.34844 0.448635 0.551365 0.0223911 -0.0013459 0.0210452 0
7.82266 5.60312 0.189769 0.81023 0.0223911 -0.000569307 0.0218218 0
7.82266 5.85781 0.0917445 0.908255 0.0223911 -0.000275233 0.0221159 0
7.82266 6.1125 0.091747 0.908253 0.0223911 -0.000275241 0.0221159 0
7.82266 6.36719 0.18978 0.81022 0.0223911 -0.000569339 0.0218218 0
7.82266 6.62187 0.448656 0.551344 0.0223911 -0.00134597 0.0210451 0
7.82266 6.87656 0.754294 0.245707 0.0223911 -0.00226288 0.0201282 0
7.82266 7.13125 0.90797 0.0920299 0.0223911 -0.00272391 0.0196672 0
7.82266 7.38594 0.962844 0.037156 0.0223911 -0.00288853 0.0195026 0
7.82266 7.64062 0.983266 0.0167337 0.0223911 -0.0029498 0.0194413 0
7.82266 7.89531 0.990597 0.00940276 0.0223911 -0.00297179 0.0194193 0
